1110101111001111
1110111000011111
1111000010000010
1111001011110100
1111010101110011
1111011111111101
1111101010001111
1111110100100111
1111111111000001
0000001001011100
0000010011110100
0000011110000111
0000101000010011
0000110010010101
0000111100001001
0001000101101111
0001001111000011
0001011000000011
0001100000101101
0001101000111110
0001110000110101
0001111000001111
0001111111001011
0010000101100111
0010001011100001
0010010000111000
0010010101101010
0010011001110111
0010011101011101
0010100000011010
0010100010110000
0010100100011100
0010100101011111
0010100101111000
0010100101100111
0010100100101100
0010100011000111
0010100000111010
0010011110000011
0010011010100101
0010010110100000
0010010001110101
0010001100100101
0010000110110001
0010000000011100
0001111001100101
0001110010010001
0001101010011111
0001100010010011
0001011001101101
0001010000110001
0001000111100001
0000111101111110
0000110100001100
0000101010001101
0000100000000011
0000010101110001
0000001011011001
0000000000111111
1111110110100100
1111101100001100
1111100001111001
1111010111101101
1111001101101011
1111000011110111
1110111010010001
1110110000111101
1110100111111101
1110011111010011
1110010111000010
1110001111001011
1110000111110001
1110000000110101
1101111010011001
1101110100011111
1101101111001000
1101101010010110
1101100110001001
1101100010100011
1101011111100110
1101011101010000
1101011011100100
1101011010100001
1101011010001000
1101011010011001
1101011011010100
1101011100111001
1101011111000110
1101100001111101
1101100101011011
1101101001100000
1101101110001011
1101110011011011
1101111001001111
1101111111100100
1110000110011011
1110001101101111
1110010101100001
1110011101101101
1110100110010011
1110101111001111
1110111000011111
1111000010000010
1111001011110100
1111010101110011
1111011111111101
1111101010001111
1111110100100111
1111111111000001
0000001001011100
0000010011110100
0000011110000111
0000101000010011
0000110010010101
0000111100001001
0001000101101111
0001001111000011
0001011000000011
0001100000101101
0001101000111110
0001110000110101
0001111000001111
0001111111001011
0010000101100111
0010001011100001
0010010000111000
0010010101101010
0010011001110111
0010011101011101
0010100000011010
0010100010110000
0010100100011100
0010100101011111
0010100101111000
0010100101100111
0010100100101100
0010100011000111
0010100000111010
0010011110000011
0010011010100101
0010010110100000
0010010001110101
0010001100100101
0010000110110001
0010000000011100
0001111001100101
0001110010010001
0001101010011111
0001100010010011
0001011001101101
0001010000110001
0001000111100001
0000111101111110
0000110100001100
0000101010001101
0000100000000011
0000010101110001
0000001011011001
0000000000111111
1111110110100100
1111101100001100
1111100001111001
1111010111101101
1111001101101011
1111000011110111
1110111010010001
1110110000111101
1110100111111101
1110011111010011
1110010111000010
1110001111001011
1110000111110001
1110000000110101
1101111010011001
1101110100011111
1101101111001000
1101101010010110
1101100110001001
1101100010100011
1101011111100110
1101011101010000
1101011011100100
1101011010100001
1101011010001000
1101011010011001
1101011011010100
1101011100111001
1101011111000110
1101100001111101
1101100101011011
1101101001100000
1101101110001011
1101110011011011
1101111001001111
1101111111100100
1110000110011011
1110001101101111
1110010101100001
1110011101101101
1110100110010011
1110101111001111
1110111000011111
1111000010000010
1111001011110100
1111010101110011
1111011111111101
1111101010001111
1111110100100111
1111111111000001
0000001001011100
0000010011110100
0000011110000111
0000101000010011
0000110010010101
0000111100001001
0001000101101111
0001001111000011
0001011000000011
0001100000101101
0001101000111110
0001110000110101
0001111000001111
0001111111001011
0010000101100111
0010001011100001
0010010000111000
0010010101101010
0010011001110111
0010011101011101
0010100000011010
0010100010110000
0010100100011100
0010100101011111
0010100101111000
0010100101100111
0010100100101100
0010100011000111
0010100000111010
0010011110000011
0010011010100101
0010010110100000
0010010001110101
0010001100100101
0010000110110001
0010000000011100
0001111001100101
0001110010010001
0001101010011111
0001100010010011
0001011001101101
0001010000110001
0001000111100001
0000111101111110
0000110100001100
0000101010001101
0000100000000011
0000010101110001
0000001011011001
0000000000111111
1111110110100100
1111101100001100
1111100001111001
1111010111101101
1111001101101011
1111000011110111
1110111010010001
1110110000111101
1110100111111101
1110011111010011
1110010111000010
1110001111001011
1110000111110001
1110000000110101
1101111010011001
1101110100011111
1101101111001000
1101101010010110
1101100110001001
1101100010100011
1101011111100110
1101011101010000
1101011011100100
1101011010100001
1101011010001000
1101011010011001
1101011011010100
1101011100111001
1101011111000110
1101100001111101
1101100101011011
1101101001100000
1101101110001011
1101110011011011
1101111001001111
1101111111100100
1110000110011011
1110001101101111
1110010101100001
1110011101101101
1110100110010011
1110101111001111
1110111000011111
1111000010000010
1111001011110100
1111010101110011
1111011111111101
1111101010001111
1111110100100111
1111111111000001
0000001001011100
0000010011110100
0000011110000111
0000101000010011
0000110010010101
0000111100001001
0001000101101111
0001001111000011
0001011000000011
0001100000101101
0001101000111110
0001110000110101
0001111000001111
0001111111001011
0010000101100111
0010001011100001
0010010000111000
0010010101101010
0010011001110111
0010011101011101
0010100000011010
0010100010110000
0010100100011100
0010100101011111
0010100101111000
0010100101100111
0010100100101100
0010100011000111
0010100000111010
0010011110000011
0010011010100101
0010010110100000
0010010001110101
0010001100100101
0010000110110001
0010000000011100
0001111001100101
0001110010010001
0001101010011111
0001100010010011
0001011001101101
0001010000110001
0001000111100001
0000111101111110
0000110100001100
0000101010001101
0000100000000011
0000010101110001
0000001011011001
0000000000111111
1111110110100100
1111101100001100
1111100001111001
1111010111101101
1111001101101011
1111000011110111
1110111010010001
1110110000111101
1110100111111101
1110011111010011
1110010111000010
1110001111001011
1110000111110001
1110000000110101
1101111010011001
1101110100011111
1101101111001000
1101101010010110
1101100110001001
1101100010100011
1101011111100110
1101011101010000
1101011011100100
1101011010100001
1101011010001000
1101011010011001
1101011011010100
1101011100111001
1101011111000110
1101100001111101
1101100101011011
1101101001100000
1101101110001011
1101110011011011
1101111001001111
1101111111100100
1110000110011011
1110001101101111
1110010101100001
1110011101101101
1110100110010011
1110101111001111
1110111000011111
1111000010000010
1111001011110100
1111010101110011
1111011111111101
1111101010001111
1111110100100111
1111111111000001
0000001001011100
0000010011110100
0000011110000111
0000101000010011
0000110010010101
0000111100001001
0001000101101111
0001001111000011
0001011000000011
0001100000101101
0001101000111110
0001110000110101
0001111000001111
0001111111001011
0010000101100111
0010001011100001
0010010000111000
0010010101101010
0010011001110111
0010011101011101
0010100000011010
0010100010110000
0010100100011100
0010100101011111
0010100101111000
0010100101100111
0010100100101100
0010100011000111
0010100000111010
0010011110000011
0010011010100101
0010010110100000
0010010001110101
0010001100100101
0010000110110001
0010000000011100
0001111001100101
0001110010010001
0001101010011111
0001100010010011
0001011001101101
0001010000110001
0001000111100001
0000111101111110
0000110100001100
0000101010001101
0000100000000011
0000010101110001
0000001011011001
0000000000111111
1111110110100100
1111101100001100
1111100001111001
1111010111101101
1111001101101011
1111000011110111
1110111010010001
1110110000111101
1110100111111101
1110011111010011
1110010111000010
1110001111001011
1110000111110001
1110000000110101
1101111010011001
1101110100011111
1101101111001000
1101101010010110
1101100110001001
1101100010100011
1101011111100110
1101011101010000
1101011011100100
1101011010100001
1101011010001000
1101011010011001
1101011011010100
1101011100111001
1101011111000110
1101100001111101
1101100101011011
1101101001100000
1101101110001011
1101110011011011
1101111001001111
1101111111100100
1110000110011011
1110001101101111
1110010101100001
1110011101101101
1110100110010011
1110101111001111
1110111000011111
1111000010000010
1111001011110100
1111010101110011
1111011111111101
1111101010001111
1111110100100111
1111111111000001
0000001001011100
0000010011110100
0000011110000111
0000101000010011
0000110010010101
0000111100001001
0001000101101111
0001001111000011
0001011000000011
0001100000101101
0001101000111110
0001110000110101
0001111000001111
0001111111001011
0010000101100111
0010001011100001
0010010000111000
0010010101101010
0010011001110111
0010011101011101
0010100000011010
0010100010110000
0010100100011100
0010100101011111
0010100101111000
0010100101100111
0010100100101100
0010100011000111
0010100000111010
0010011110000011
0010011010100101
0010010110100000
0010010001110101
0010001100100101
0010000110110001
0010000000011100
0001111001100101
0001110010010001
0001101010011111
0001100010010011
0001011001101101
0001010000110001
0001000111100001
0000111101111110
0000110100001100
0000101010001101
0000100000000011
0000010101110001
0000001011011001
0000000000111111
1111110110100100
1111101100001100
1111100001111001
1111010111101101
1111001101101011
1111000011110111
1110111010010001
1110110000111101
1110100111111101
1110011111010011
1110010111000010
1110001111001011
1110000111110001
1110000000110101
1101111010011001
1101110100011111
1101101111001000
1101101010010110
1101100110001001
1101100010100011
1101011111100110
1101011101010000
1101011011100100
1101011010100001
1101011010001000
1101011010011001
1101011011010100
1101011100111001
1101011111000110
1101100001111101
1101100101011011
1101101001100000
1101101110001011
1101110011011011
1101111001001111
1101111111100100
1110000110011011
1110001101101111
1110010101100001
1110011101101101
1110100110010011
1110101111001111
1110111000011111
1111000010000010
1111001011110100
1111010101110011
1111011111111101
1111101010001111
1111110100100111
1111111111000001
0000001001011100
0000010011110100
0000011110000111
0000101000010011
0000110010010101
0000111100001001
0001000101101111
0001001111000011
0001011000000011
0001100000101101
0001101000111110
0001110000110101
0001111000001111
0001111111001011
0010000101100111
0010001011100001
0010010000111000
0010010101101010
0010011001110111
0010011101011101
0010100000011010
0010100010110000
0010100100011100
0010100101011111
0010100101111000
0010100101100111
0010100100101100
0010100011000111
0010100000111010
0010011110000011
0010011010100101
0010010110100000
0010010001110101
0010001100100101
0010000110110001
0010000000011100
0001111001100101
0001110010010001
0001101010011111
0001100010010011
0001011001101101
0001010000110001
0001000111100001
0000111101111110
0000110100001100
0000101010001101
0000100000000011
0000010101110001
0000001011011001
0000000000111111
1111110110100100
1111101100001100
1111100001111001
1111010111101101
1111001101101011
1111000011110111
1110111010010001
1110110000111101
1110100111111101
1110011111010011
1110010111000010
1110001111001011
1110000111110001
1110000000110101
1101111010011001
1101110100011111
1101101111001000
1101101010010110
1101100110001001
1101100010100011
1101011111100110
1101011101010000
1101011011100100
1101011010100001
1101011010001000
1101011010011001
1101011011010100
1101011100111001
1101011111000110
1101100001111101
1101100101011011
1101101001100000
1101101110001011
1101110011011011
1101111001001111
1101111111100100
1110000110011011
1110001101101111
1110010101100001
1110011101101101
1110100110010011
1110101111001111
1110111000011111
1111000010000010
1111001011110100
1111010101110011
1111011111111101
1111101010001111
1111110100100111
1111111111000001
0000001001011100
0000010011110100
0000011110000111
0000101000010011
0000110010010101
0000111100001001
0001000101101111
0001001111000011
0001011000000011
0001100000101101
0001101000111110
0001110000110101
0001111000001111
0001111111001011
0010000101100111
0010001011100001
0010010000111000
0010010101101010
0010011001110111
0010011101011101
0010100000011010
0010100010110000
0010100100011100
0010100101011111
0010100101111000
0010100101100111
0010100100101100
0010100011000111
0010100000111010
0010011110000011
0010011010100101
0010010110100000
0010010001110101
0010001100100101
0010000110110001
0010000000011100
0001111001100101
0001110010010001
0001101010011111
0001100010010011
0001011001101101
0001010000110001
0001000111100001
0000111101111110
0000110100001100
0000101010001101
0000100000000011
0000010101110001
0000001011011001
0000000000111111
1111110110100100
1111101100001100
1111100001111001
1111010111101101
1111001101101011
1111000011110111
1110111010010001
1110110000111101
1110100111111101
1110011111010011
1110010111000010
1110001111001011
1110000111110001
1110000000110101
1101111010011001
1101110100011111
1101101111001000
1101101010010110
1101100110001001
1101100010100011
1101011111100110
1101011101010000
1101011011100100
1101011010100001
1101011010001000
1101011010011001
1101011011010100
1101011100111001
1101011111000110
1101100001111101
1101100101011011
1101101001100000
1101101110001011
1101110011011011
1101111001001111
1101111111100100
1110000110011011
1110001101101111
1110010101100001
1110011101101101
1110100110010011
1110101111001111
1110111000011111
1111000010000010
1111001011110100
1111010101110011
1111011111111101
1111101010001111
1111110100100111
1111111111000001
0000001001011100
0000010011110100
0000011110000111
0000101000010011
0000110010010101
0000111100001001
0001000101101111
0001001111000011
0001011000000011
0001100000101101
0001101000111110
0001110000110101
0001111000001111
0001111111001011
0010000101100111
0010001011100001
0010010000111000
0010010101101010
0010011001110111
0010011101011101
0010100000011010
0010100010110000
0010100100011100
0010100101011111
0010100101111000
0010100101100111
0010100100101100
0010100011000111
0010100000111010
0010011110000011
0010011010100101
0010010110100000
0010010001110101
0010001100100101
0010000110110001
0010000000011100
0001111001100101
0001110010010001
0001101010011111
0001100010010011
0001011001101101
0001010000110001
0001000111100001
0000111101111110
0000110100001100
0000101010001101
0000100000000011
0000010101110001
0000001011011001
0000000000111111
1111110110100100
1111101100001100
1111100001111001
1111010111101101
1111001101101011
1111000011110111
1110111010010001
1110110000111101
1110100111111101
1110011111010011
1110010111000010
1110001111001011
1110000111110001
1110000000110101
1101111010011001
1101110100011111
1101101111001000
1101101010010110
1101100110001001
1101100010100011
1101011111100110
1101011101010000
1101011011100100
1101011010100001
1101011010001000
1101011010011001
1101011011010100
1101011100111001
1101011111000110
1101100001111101
1101100101011011
1101101001100000
1101101110001011
1101110011011011
1101111001001111
1101111111100100
1110000110011011
1110001101101111
1110010101100001
1110011101101101
1110100110010011
1110101111001111
1110111000011111
1111000010000010
1111001011110100
1111010101110011
1111011111111101
1111101010001111
1111110100100111
1111111111000001
0000001001011100
0000010011110100
0000011110000111
0000101000010011
0000110010010101
0000111100001001
0001000101101111
0001001111000011
0001011000000011
0001100000101101
0001101000111110
0001110000110101
0001111000001111
0001111111001011
0010000101100111
0010001011100001
0010010000111000
0010010101101010
0010011001110111
0010011101011101
0010100000011010
0010100010110000
0010100100011100
0010100101011111
0010100101111000
0010100101100111
0010100100101100
0010100011000111
0010100000111010
0010011110000011
0010011010100101
0010010110100000
0010010001110101
0010001100100101
0010000110110001
0010000000011100
0001111001100101
0001110010010001
0001101010011111
0001100010010011
0001011001101101
0001010000110001
0001000111100001
0000111101111110
0000110100001100
0000101010001101
0000100000000011
0000010101110001
0000001011011001
0000000000111111
1111110110100100
1111101100001100
1111100001111001
1111010111101101
1111001101101011
1111000011110111
1110111010010001
1110110000111101
1110100111111101
1110011111010011
1110010111000010
1110001111001011
1110000111110001
1110000000110101
1101111010011001
1101110100011111
1101101111001000
1101101010010110
1101100110001001
1101100010100011
1101011111100110
1101011101010000
1101011011100100
1101011010100001
1101011010001000
1101011010011001
1101011011010100
1101011100111001
1101011111000110
1101100001111101
1101100101011011
1101101001100000
1101101110001011
1101110011011011
1101111001001111
1101111111100100
1110000110011011
1110001101101111
1110010101100001
1110011101101101
1110100110010011
1110101111001111
1110111000011111
1111000010000010
1111001011110100
1111010101110011
1111011111111101
1111101010001111
1111110100100111
1111111111000001
0000001001011100
0000010011110100
0000011110000111
0000101000010011
0000110010010101
0000111100001001
0001000101101111
0001001111000011
0001011000000011
0001100000101101
0001101000111110
0001110000110101
0001111000001111
0001111111001011
0010000101100111
0010001011100001
0010010000111000
0010010101101010
0010011001110111
0010011101011101
0010100000011010
0010100010110000
0010100100011100
0010100101011111
0010100101111000
0010100101100111
0010100100101100
0010100011000111
0010100000111010
0010011110000011
0010011010100101
0010010110100000
0010010001110101
0010001100100101
0010000110110001
0010000000011100
0001111001100101
0001110010010001
0001101010011111
0001100010010011
0001011001101101
0001010000110001
0001000111100001
0000111101111110
0000110100001100
0000101010001101
0000100000000011
0000010101110001
0000001011011001
0000000000111111
1111110110100100
1111101100001100
1111100001111001
1111010111101101
1111001101101011
1111000011110111
1110111010010001
1110110000111101
1110100111111101
1110011111010011
1110010111000010
1110001111001011
1110000111110001
1110000000110101
1101111010011001
1101110100011111
1101101111001000
1101101010010110
1101100110001001
1101100010100011
1101011111100110
1101011101010000
1101011011100100
1101011010100001
1101011010001000
1101011010011001
1101011011010100
1101011100111001
1101011111000110
1101100001111101
1101100101011011
1101101001100000
1101101110001011
1101110011011011
1101111001001111
1101111111100100
1110000110011011
1110001101101111
1110010101100001
1110011101101101
1110100110010011
1110101111001111
1110111000011111
1111000010000010
1111001011110100
1111010101110011
1111011111111101
1111101010001111
1111110100100111
1111111111000001
0000001001011100
0000010011110100
0000011110000111
0000101000010011
0000110010010101
0000111100001001
0001000101101111
0001001111000011
0001011000000011
0001100000101101
0001101000111110
0001110000110101
0001111000001111
0001111111001011
0010000101100111
0010001011100001
0010010000111000
0010010101101010
0010011001110111
0010011101011101
0010100000011010
0010100010110000
0010100100011100
0010100101011111
0010100101111000
0010100101100111
0010100100101100
0010100011000111
0010100000111010
0010011110000011
0010011010100101
0010010110100000
0010010001110101
0010001100100101
0010000110110001
0010000000011100
0001111001100101
0001110010010001
0001101010011111
0001100010010011
0001011001101101
0001010000110001
0001000111100001
0000111101111110
0000110100001100
0000101010001101
0000100000000011
0000010101110001
0000001011011001
0000000000111111
1111110110100100
1111101100001100
1111100001111001
1111010111101101
1111001101101011
1111000011110111
1110111010010001
1110110000111101
1110100111111101
1110011111010011
1110010111000010
1110001111001011
1110000111110001
1110000000110101
1101111010011001
1101110100011111
1101101111001000
1101101010010110
1101100110001001
1101100010100011
1101011111100110
1101011101010000
1101011011100100
1101011010100001
1101011010001000
1101011010011001
1101011011010100
1101011100111001
1101011111000110
1101100001111101
1101100101011011
1101101001100000
1101101110001011
1101110011011011
1101111001001111
1101111111100100
1110000110011011
1110001101101111
1110010101100001
1110011101101101
1110100110010011
1110101111001111
1110111000011111
1111000010000010
1111001011110100
1111010101110011
1111011111111101
1111101010001111
1111110100100111
1111111111000001
0000001001011100
0000010011110100
0000011110000111
0000101000010011
0000110010010101
0000111100001001
0001000101101111
0001001111000011
0001011000000011
0001100000101101
0001101000111110
0001110000110101
0001111000001111
0001111111001011
0010000101100111
0010001011100001
0010010000111000
0010010101101010
0010011001110111
0010011101011101
0010100000011010
0010100010110000
0010100100011100
0010100101011111
0010100101111000
0010100101100111
0010100100101100
0010100011000111
0010100000111010
0010011110000011
0010011010100101
0010010110100000
0010010001110101
0010001100100101
0010000110110001
0010000000011100
0001111001100101
0001110010010001
0001101010011111
0001100010010011
0001011001101101
0001010000110001
0001000111100001
0000111101111110
0000110100001100
0000101010001101
0000100000000011
0000010101110001
0000001011011001
0000000000111111
1111110110100100
1111101100001100
1111100001111001
1111010111101101
1111001101101011
1111000011110111
1110111010010001
1110110000111101
1110100111111101
1110011111010011
1110010111000010
1110001111001011
1110000111110001
1110000000110101
1101111010011001
1101110100011111
1101101111001000
1101101010010110
1101100110001001
1101100010100011
1101011111100110
1101011101010000
1101011011100100
1101011010100001
1101011010001000
1101011010011001
1101011011010100
1101011100111001
1101011111000110
1101100001111101
1101100101011011
1101101001100000
1101101110001011
1101110011011011
1101111001001111
1101111111100100
1110000110011011
1110001101101111
1110010101100001
1110011101101101
1110100110010011
1110101111001111
1110111000011111
1111000010000010
1111001011110100
1111010101110011
1111011111111101
1111101010001111
1111110100100111
1111111111000001
0000001001011100
0000010011110100
0000011110000111
0000101000010011
0000110010010101
0000111100001001
0001000101101111
0001001111000011
0001011000000011
0001100000101101
0001101000111110
0001110000110101
0001111000001111
0001111111001011
0010000101100111
0010001011100001
0010010000111000
0010010101101010
0010011001110111
0010011101011101
0010100000011010
0010100010110000
0010100100011100
0010100101011111
0010100101111000
0010100101100111
0010100100101100
0010100011000111
0010100000111010
0010011110000011
0010011010100101
0010010110100000
0010010001110101
0010001100100101
0010000110110001
0010000000011100
0001111001100101
0001110010010001
0001101010011111
0001100010010011
0001011001101101
0001010000110001
0001000111100001
0000111101111110
0000110100001100
0000101010001101
0000100000000011
0000010101110001
0000001011011001
0000000000111111
1111110110100100
1111101100001100
1111100001111001
1111010111101101
1111001101101011
1111000011110111
1110111010010001
1110110000111101
1110100111111101
1110011111010011
1110010111000010
1110001111001011
1110000111110001
1110000000110101
1101111010011001
1101110100011111
1101101111001000
1101101010010110
1101100110001001
1101100010100011
1101011111100110
1101011101010000
1101011011100100
1101011010100001
1101011010001000
1101011010011001
1101011011010100
1101011100111001
1101011111000110
1101100001111101
1101100101011011
1101101001100000
1101101110001011
1101110011011011
1101111001001111
1101111111100100
1110000110011011
1110001101101111
1110010101100001
1110011101101101
1110100110010011
1110101111001111
1110111000011111
1111000010000010
1111001011110100
1111010101110011
1111011111111101
1111101010001111
1111110100100111
1111111111000001
0000001001011100
0000010011110100
0000011110000111
0000101000010011
0000110010010101
0000111100001001
0001000101101111
0001001111000011
0001011000000011
0001100000101101
0001101000111110
0001110000110101
0001111000001111
0001111111001011
0010000101100111
0010001011100001
0010010000111000
0010010101101010
0010011001110111
0010011101011101
0010100000011010
0010100010110000
0010100100011100
0010100101011111
0010100101111000
0010100101100111
0010100100101100
0010100011000111
0010100000111010
0010011110000011
0010011010100101
0010010110100000
0010010001110101
0010001100100101
0010000110110001
0010000000011100
0001111001100101
0001110010010001
0001101010011111
0001100010010011
0001011001101101
0001010000110001
0001000111100001
0000111101111110
0000110100001100
0000101010001101
0000100000000011
0000010101110001
0000001011011001
0000000000111111
1111110110100100
1111101100001100
1111100001111001
1111010111101101
1111001101101011
1111000011110111
1110111010010001
1110110000111101
1110100111111101
1110011111010011
1110010111000010
1110001111001011
1110000111110001
1110000000110101
1101111010011001
1101110100011111
1101101111001000
1101101010010110
1101100110001001
1101100010100011
1101011111100110
1101011101010000
1101011011100100
1101011010100001
1101011010001000
1101011010011001
1101011011010100
1101011100111001
1101011111000110
1101100001111101
1101100101011011
1101101001100000
1101101110001011
1101110011011011
1101111001001111
1101111111100100
1110000110011011
1110001101101111
1110010101100001
1110011101101101
1110100110010011
