00000000000000000000000000000000
00001000010101101011010011011010
00001000010101101011010000011101
00001000010101110000010111110100
00001000010101110101100100100001
00001000010101111010001010010000
00001000010101111110000111110000
00001000010110000001011100100111
00001000010110000100110010011101
00001000010110001000001000101100
00001000010110001011011110101000
00001000010110001110000111111001
00001000010110010000101111010110
00001000010110010011010100000111
00001000010110010101001010100110
00001000010110010110111101001110
00001000010110011000101011101101
00001000010110011010010101100101
00001000010110011011111010000111
00001000010110011100101110011100
00001000010110011101011100111100
00001000010110011110000101101100
00001000010110011110101000011011
00001000010110011111000100111010
00001000010110011111011011011011
00001000010110011111101011011101
00001000010110011111110101001000
00001000010110011111111000010000
00001000010110011111110100111001
00001000010110011111101011010100
00001000010110011111011011010100
00001000010110011111000100111001
00001000010110011110101000011011
00001000010110011110000101011111
00001000010110011101011100110010
00001000010110011100101110010101
00001000010110011011111001111111
00001000010110011010010101001001
00001000010110011000101011010101
00001000010110010110111100111001
00001000010110010101001010000100
00001000010110010011010011110001
00001000010110010000101110101110
00001000010110001110000111010011
00001000010110001011011110000000
00001000010110001000001000000010
00001000010110000100110001110011
00001000010110000001011011110001
00001000010101111110000111000110
00001000010101111010001001001110
00001000010101110101100011010111
00001000010101110000010110100111
00001000010101101011010000011101
00001000010101110000010111110100
00001000010101110101100100100001
00001000010101111010001010010000
00001000010101111110000111110000
00001000010110000001011100100111
00001000010110000100110010011101
00001000010110001000001000101100
00001000010110001011011110101000
00001000010110001110000111111001
00001000010110010000101111010110
00001000010110010011010100000111
00001000010110010101001010100110
00001000010110010110111101001110
00001000010110011000101011101101
00001000010110011010010101100101
00001000010110011011111010000111
00001000010110011100101110011100
00001000010110011101011100111100
00001000010110011110000101101100
00001000010110011110101000011011
00001000010110011111000100111010
00001000010110011111011011011011
00001000010110011111101011011101
00001000010110011111110101001000
00001000010110011111111000010000
00001000010110011111110100111001
00001000010110011111101011010100
00001000010110011111011011010100
00001000010110011111000100111001
00001000010110011110101000011011
00001000010110011110000101011111
00001000010110011101011100110010
00001000010110011100101110010101
00001000010110011011111001111111
00001000010110011010010101001001
00001000010110011000101011010101
00001000010110010110111100111001
00001000010110010101001010000100
00001000010110010011010011110001
00001000010110010000101110101110
00001000010110001110000111010011
00001000010110001011011110000000
00001000010110001000001000000010
00001000010110000100110001110011
00001000010110000001011011110001
00001000010101111110000111000110
00001000010101111010001001001110
00001000010101110101100011010111
00001000010101110000010110100111
00001000010101101011010000011101
00001000010101110000010111110100
00001000010101110101100100100001
00001000010101111010001010010000
00001000010101111110000111110000
00001000010110000001011100100111
00001000010110000100110010011101
00001000010110001000001000101100
00001000010110001011011110101000
00001000010110001110000111111001
00001000010110010000101111010110
00001000010110010011010100000111
00001000010110010101001010100110
00001000010110010110111101001110
00001000010110011000101011101101
00001000010110011010010101100101
00001000010110011011111010000111
00001000010110011100101110011100
00001000010110011101011100111100
00001000010110011110000101101100
00001000010110011110101000011011
00001000010110011111000100111010
00001000010110011111011011011011
00001000010110011111101011011101
00001000010110011111110101001000
00001000010110011111111000010000
00001000010110011111110100111001
00001000010110011111101011010100
00001000010110011111011011010100
00001000010110011111000100111001
00001000010110011110101000011011
00001000010110011110000101011111
00001000010110011101011100110010
00001000010110011100101110010101
00001000010110011011111001111111
00001000010110011010010101001001
00001000010110011000101011010101
00001000010110010110111100111001
00001000010110010101001010000100
00001000010110010011010011110001
00001000010110010000101110101110
00001000010110001110000111010011
00001000010110001011011110000000
00001000010110001000001000000010
00001000010110000100110001110011
00001000010110000001011011110001
00001000010101111110000111000110
00001000010101111010001001001110
00001000010101110101100011010111
00001000010101110000010110100111
00001000010101101011010000011101
00001000010101110000010111110100
00001000010101110101100100100001
00001000010101111010001010010000
00001000010101111110000111110000
00001000010110000001011100100111
00001000010110000100110010011101
00001000010110001000001000101100
00001000010110001011011110101000
00001000010110001110000111111001
00001000010110010000101111010110
00001000010110010011010100000111
00001000010110010101001010100110
00001000010110010110111101001110
00001000010110011000101011101101
00001000010110011010010101100101
00001000010110011011111010000111
00001000010110011100101110011100
00001000010110011101011100111100
00001000010110011110000101101100
00001000010110011110101000011011
00001000010110011111000100111010
00001000010110011111011011011011
00001000010110011111101011011101
00001000010110011111110101001000
00001000010110011111111000010000
00001000010110011111110100111001
00001000010110011111101011010100
00001000010110011111011011010100
00001000010110011111000100111001
00001000010110011110101000011011
00001000010110011110000101011111
00001000010110011101011100110010
00001000010110011100101110010101
00001000010110011011111001111111
00001000010110011010010101001001
00001000010110011000101011010101
00001000010110010110111100111001
00001000010110010101001010000100
00001000010110010011010011110001
00001000010110010000101110101110
00001000010110001110000111010011
00001000010110001011011110000000
00001000010110001000001000000010
00001000010110000100110001110011
00001000010110000001011011110001
00001000010101111110000111000110
00001000010101111010001001001110
00001000010101110101100011010111
00001000010101110000010110100111
00001000010101101011010000011101
00001000010101110000010111110100
00001000010101110101100100100001
00001000010101111010001010010000
00001000010101111110000111110000
00001000010110000001011100100111
00001000010110000100110010011101
00001000010110001000001000101100
00001000010110001011011110101000
00001000010110001110000111111001
00001000010110010000101111010110
00001000010110010011010100000111
00001000010110010101001010100110
00001000010110010110111101001110
00001000010110011000101011101101
00001000010110011010010101100101
00001000010110011011111010000111
00001000010110011100101110011100
00001000010110011101011100111100
00001000010110011110000101101100
00001000010110011110101000011011
00001000010110011111000100111010
00001000010110011111011011011011
00001000010110011111101011011101
00001000010110011111110101001000
00001000010110011111111000010000
00001000010110011111110100111001
00001000010110011111101011010100
00001000010110011111011011010100
00001000010110011111000100111001
00001000010110011110101000011011
00001000010110011110000101011111
00001000010110011101011100110010
00001000010110011100101110010101
00001000010110011011111001111111
00001000010110011010010101001001
00001000010110011000101011010101
00001000010110010110111100111001
00001000010110010101001010000100
00001000010110010011010011110001
00001000010110010000101110101110
00001000010110001110000111010011
00001000010110001011011110000000
00001000010110001000001000000010
00001000010110000100110001110011
00001000010110000001011011110001
00001000010101111110000111000110
00001000010101111010001001001110
00001000010101110101100011010111
00001000010101110000010110100111
00001000010101101011010000011101
00001000010101110000010111110100
00001000010101110101100100100001
00001000010101111010001010010000
00001000010101111110000111110000
00001000010110000001011100100111
00001000010110000100110010011101
00001000010110001000001000101100
00001000010110001011011110101000
00001000010110001110000111111001
00001000010110010000101111010110
00001000010110010011010100000111
00001000010110010101001010100110
00001000010110010110111101001110
00001000010110011000101011101101
00001000010110011010010101100101
00001000010110011011111010000111
00001000010110011100101110011100
00001000010110011101011100111100
00001000010110011110000101101100
00001000010110011110101000011011
00001000010110011111000100111010
00001000010110011111011011011011
00001000010110011111101011011101
00001000010110011111110101001000
00001000010110011111111000010000
00001000010110011111110100111001
00001000010110011111101011010100
00001000010110011111011011010100
00001000010110011111000100111001
00001000010110011110101000011011
00001000010110011110000101011111
00001000010110011101011100110010
00001000010110011100101110010101
00001000010110011011111001111111
00001000010110011010010101001001
00001000010110011000101011010101
00001000010110010110111100111001
00001000010110010101001010000100
00001000010110010011010011110001
00001000010110010000101110101110
00001000010110001110000111010011
00001000010110001011011110000000
00001000010110001000001000000010
00001000010110000100110001110011
00001000010110000001011011110001
00001000010101111110000111000110
00001000010101111010001001001110
00001000010101110101100011010111
00001000010101110000010110100111
00001000010101101011010000011101
00001000010101110000010111110100
00001000010101110101100100100001
00001000010101111010001010010000
00001000010101111110000111110000
00001000010110000001011100100111
00001000010110000100110010011101
00001000010110001000001000101100
00001000010110001011011110101000
00001000010110001110000111111001
00001000010110010000101111010110
00001000010110010011010100000111
00001000010110010101001010100110
00001000010110010110111101001110
00001000010110011000101011101101
00001000010110011010010101100101
00001000010110011011111010000111
00001000010110011100101110011100
00001000010110011101011100111100
00001000010110011110000101101100
00001000010110011110101000011011
00001000010110011111000100111010
00001000010110011111011011011011
00001000010110011111101011011101
00001000010110011111110101001000
00001000010110011111111000010000
00001000010110011111110100111001
00001000010110011111101011010100
00001000010110011111011011010100
00001000010110011111000100111001
00001000010110011110101000011011
00001000010110011110000101011111
00001000010110011101011100110010
00001000010110011100101110010101
00001000010110011011111001111111
00001000010110011010010101001001
00001000010110011000101011010101
00001000010110010110111100111001
00001000010110010101001010000100
00001000010110010011010011110001
00001000010110010000101110101110
00001000010110001110000111010011
00001000010110001011011110000000
00001000010110001000001000000010
00001000010110000100110001110011
00001000010110000001011011110001
00001000010101111110000111000110
00001000010101111010001001001110
00001000010101110101100011010111
00001000010101110000010110100111
00001000010101101011010000011101
00001000010101110000010111110100
00001000010101110101100100100001
00001000010101111010001010010000
00001000010101111110000111110000
00001000010110000001011100100111
00001000010110000100110010011101
00001000010110001000001000101100
00001000010110001011011110101000
00001000010110001110000111111001
00001000010110010000101111010110
00001000010110010011010100000111
00001000010110010101001010100110
00001000010110010110111101001110
00001000010110011000101011101101
00001000010110011010010101100101
00001000010110011011111010000111
00001000010110011100101110011100
00001000010110011101011100111100
00001000010110011110000101101100
00001000010110011110101000011011
00001000010110011111000100111010
00001000010110011111011011011011
00001000010110011111101011011101
00001000010110011111110101001000
00001000010110011111111000010000
00001000010110011111110100111001
00001000010110011111101011010100
00001000010110011111011011010100
00001000010110011111000100111001
00001000010110011110101000011011
00001000010110011110000101011111
00001000010110011101011100110010
00001000010110011100101110010101
00001000010110011011111001111111
00001000010110011010010101001001
00001000010110011000101011010101
00001000010110010110111100111001
00001000010110010101001010000100
00001000010110010011010011110001
00001000010110010000101110101110
00001000010110001110000111010011
00001000010110001011011110000000
00001000010110001000001000000010
00001000010110000100110001110011
00001000010110000001011011110001
00001000010101111110000111000110
00001000010101111010001001001110
00001000010101110101100011010111
00001000010101110000010110100111
00001000010101101011010000011101
00001000010101110000010111110100
00001000010101110101100100100001
00001000010101111010001010010000
00001000010101111110000111110000
00001000010110000001011100100111
00001000010110000100110010011101
00001000010110001000001000101100
00001000010110001011011110101000
00001000010110001110000111111001
00001000010110010000101111010110
00001000010110010011010100000111
00001000010110010101001010100110
00001000010110010110111101001110
00001000010110011000101011101101
00001000010110011010010101100101
00001000010110011011111010000111
00001000010110011100101110011100
00001000010110011101011100111100
00001000010110011110000101101100
00001000010110011110101000011011
00001000010110011111000100111010
00001000010110011111011011011011
00001000010110011111101011011101
00001000010110011111110101001000
00001000010110011111111000010000
00001000010110011111110100111001
00001000010110011111101011010100
00001000010110011111011011010100
00001000010110011111000100111001
00001000010110011110101000011011
00001000010110011110000101011111
00001000010110011101011100110010
00001000010110011100101110010101
00001000010110011011111001111111
00001000010110011010010101001001
00001000010110011000101011010101
00001000010110010110111100111001
00001000010110010101001010000100
00001000010110010011010011110001
00001000010110010000101110101110
00001000010110001110000111010011
00001000010110001011011110000000
00001000010110001000001000000010
00001000010110000100110001110011
00001000010110000001011011110001
00001000010101111110000111000110
00001000010101111010001001001110
00001000010101110101100011010111
00001000010101110000010110100111
00001000010101101011010000011101
00001000010101110000010111110100
00001000010101110101100100100001
00001000010101111010001010010000
00001000010101111110000111110000
00001000010110000001011100100111
00001000010110000100110010011101
00001000010110001000001000101100
00001000010110001011011110101000
00001000010110001110000111111001
00001000010110010000101111010110
00001000010110010011010100000111
00001000010110010101001010100110
00001000010110010110111101001110
00001000010110011000101011101101
00001000010110011010010101100101
00001000010110011011111010000111
00001000010110011100101110011100
00001000010110011101011100111100
00001000010110011110000101101100
00001000010110011110101000011011
00001000010110011111000100111010
00001000010110011111011011011011
00001000010110011111101011011101
00001000010110011111110101001000
00001000010110011111111000010000
00001000010110011111110100111001
00001000010110011111101011010100
00001000010110011111011011010100
00001000010110011111000100111001
00001000010110011110101000011011
00001000010110011110000101011111
00001000010110011101011100110010
00001000010110011100101110010101
00001000010110011011111001111111
00001000010110011010010101001001
00001000010110011000101011010101
00001000010110010110111100111001
00001000010110010101001010000100
00001000010110010011010011110001
00001000010110010000101110101110
00001000010110001110000111010011
00001000010110001011011110000000
00001000010110001000001000000010
00001000010110000100110001110011
00001000010110000001011011110001
00001000010101111110000111000110
00001000010101111010001001001110
00001000010101110101100011010111
00001000010101110000010110100111
00001000010101101011010000011101
00001000010101110000010111110100
00001000010101110101100100100001
00001000010101111010001010010000
00001000010101111110000111110000
00001000010110000001011100100111
00001000010110000100110010011101
00001000010110001000001000101100
00001000010110001011011110101000
00001000010110001110000111111001
00001000010110010000101111010110
00001000010110010011010100000111
00001000010110010101001010100110
00001000010110010110111101001110
00001000010110011000101011101101
00001000010110011010010101100101
00001000010110011011111010000111
00001000010110011100101110011100
00001000010110011101011100111100
00001000010110011110000101101100
00001000010110011110101000011011
00001000010110011111000100111010
00001000010110011111011011011011
00001000010110011111101011011101
00001000010110011111110101001000
00001000010110011111111000010000
00001000010110011111110100111001
00001000010110011111101011010100
00001000010110011111011011010100
00001000010110011111000100111001
00001000010110011110101000011011
00001000010110011110000101011111
00001000010110011101011100110010
00001000010110011100101110010101
00001000010110011011111001111111
00001000010110011010010101001001
00001000010110011000101011010101
00001000010110010110111100111001
00001000010110010101001010000100
00001000010110010011010011110001
00001000010110010000101110101110
00001000010110001110000111010011
00001000010110001011011110000000
00001000010110001000001000000010
00001000010110000100110001110011
00001000010110000001011011110001
00001000010101111110000111000110
00001000010101111010001001001110
00001000010101110101100011010111
00001000010101110000010110100111
00001000010101101011010000011101
00001000010101110000010111110100
00001000010101110101100100100001
00001000010101111010001010010000
00001000010101111110000111110000
00001000010110000001011100100111
00001000010110000100110010011101
00001000010110001000001000101100
00001000010110001011011110101000
00001000010110001110000111111001
00001000010110010000101111010110
00001000010110010011010100000111
00001000010110010101001010100110
00001000010110010110111101001110
00001000010110011000101011101101
00001000010110011010010101100101
00001000010110011011111010000111
00001000010110011100101110011100
00001000010110011101011100111100
00001000010110011110000101101100
00001000010110011110101000011011
00001000010110011111000100111010
00001000010110011111011011011011
00001000010110011111101011011101
00001000010110011111110101001000
00001000010110011111111000010000
00001000010110011111110100111001
00001000010110011111101011010100
00001000010110011111011011010100
00001000010110011111000100111001
00001000010110011110101000011011
00001000010110011110000101011111
00001000010110011101011100110010
00001000010110011100101110010101
00001000010110011011111001111111
00001000010110011010010101001001
00001000010110011000101011010101
00001000010110010110111100111001
00001000010110010101001010000100
00001000010110010011010011110001
00001000010110010000101110101110
00001000010110001110000111010011
00001000010110001011011110000000
00001000010110001000001000000010
00001000010110000100110001110011
00001000010110000001011011110001
00001000010101111110000111000110
00001000010101111010001001001110
00001000010101110101100011010111
00001000010101110000010110100111
00001000010101101011010000011101
00001000010101110000010111110100
00001000010101110101100100100001
00001000010101111010001010010000
00001000010101111110000111110000
00001000010110000001011100100111
00001000010110000100110010011101
00001000010110001000001000101100
00001000010110001011011110101000
00001000010110001110000111111001
00001000010110010000101111010110
00001000010110010011010100000111
00001000010110010101001010100110
00001000010110010110111101001110
00001000010110011000101011101101
00001000010110011010010101100101
00001000010110011011111010000111
00001000010110011100101110011100
00001000010110011101011100111100
00001000010110011110000101101100
00001000010110011110101000011011
00001000010110011111000100111010
00001000010110011111011011011011
00001000010110011111101011011101
00001000010110011111110101001000
00001000010110011111111000010000
00001000010110011111110100111001
00001000010110011111101011010100
00001000010110011111011011010100
00001000010110011111000100111001
00001000010110011110101000011011
00001000010110011110000101011111
00001000010110011101011100110010
00001000010110011100101110010101
00001000010110011011111001111111
00001000010110011010010101001001
00001000010110011000101011010101
00001000010110010110111100111001
00001000010110010101001010000100
00001000010110010011010011110001
00001000010110010000101110101110
00001000010110001110000111010011
00001000010110001011011110000000
00001000010110001000001000000010
00001000010110000100110001110011
00001000010110000001011011110001
00001000010101111110000111000110
00001000010101111010001001001110
00001000010101110101100011010111
00001000010101110000010110100111
00001000010101101011010000011101
00001000010101110000010111110100
00001000010101110101100100100001
00001000010101111010001010010000
00001000010101111110000111110000
00001000010110000001011100100111
00001000010110000100110010011101
00001000010110001000001000101100
00001000010110001011011110101000
00001000010110001110000111111001
00001000010110010000101111010110
00001000010110010011010100000111
00001000010110010101001010100110
00001000010110010110111101001110
00001000010110011000101011101101
00001000010110011010010101100101
00001000010110011011111010000111
00001000010110011100101110011100
00001000010110011101011100111100
00001000010110011110000101101100
00001000010110011110101000011011
00001000010110011111000100111010
00001000010110011111011011011011
00001000010110011111101011011101
00001000010110011111110101001000
00001000010110011111111000010000
00001000010110011111110100111001
00001000010110011111101011010100
00001000010110011111011011010100
00001000010110011111000100111001
00001000010110011110101000011011
00001000010110011110000101011111
00001000010110011101011100110010
00001000010110011100101110010101
00001000010110011011111001111111
00001000010110011010010101001001
00001000010110011000101011010101
00001000010110010110111100111001
00001000010110010101001010000100
00001000010110010011010011110001
00001000010110010000101110101110
00001000010110001110000111010011
00001000010110001011011110000000
00001000010110001000001000000010
00001000010110000100110001110011
00001000010110000001011011110001
00001000010101111110000111000110
00001000010101111010001001001110
00001000010101110101100011010111
00001000010101110000010110100111
00001000010101101011010000011101
00001000010101110000010111110100
00001000010101110101100100100001
00001000010101111010001010010000
00001000010101111110000111110000
00001000010110000001011100100111
00001000010110000100110010011101
00001000010110001000001000101100
00001000010110001011011110101000
00001000010110001110000111111001
00001000010110010000101111010110
00001000010110010011010100000111
00001000010110010101001010100110
00001000010110010110111101001110
00001000010110011000101011101101
00001000010110011010010101100101
00001000010110011011111010000111
00001000010110011100101110011100
00001000010110011101011100111100
00001000010110011110000101101100
00001000010110011110101000011011
00001000010110011111000100111010
00001000010110011111011011011011
00001000010110011111101011011101
00001000010110011111110101001000
00001000010110011111111000010000
00001000010110011111110100111001
00001000010110011111101011010100
00001000010110011111011011010100
00001000010110011111000100111001
00001000010110011110101000011011
00001000010110011110000101011111
00001000010110011101011100110010
00001000010110011100101110010101
00001000010110011011111001111111
00001000010110011010010101001001
00001000010110011000101011010101
00001000010110010110111100111001
00001000010110010101001010000100
00001000010110010011010011110001
00001000010110010000101110101110
00001000010110001110000111010011
00001000010110001011011110000000
00001000010110001000001000000010
00001000010110000100110001110011
00001000010110000001011011110001
00001000010101111110000111000110
00001000010101111010001001001110
00001000010101110101100011010111
00001000010101110000010110100111
00001000010101101011010000011101
00001000010101110000010111110100
00001000010101110101100100100001
00001000010101111010001010010000
00001000010101111110000111110000
00001000010110000001011100100111
00001000010110000100110010011101
00001000010110001000001000101100
00001000010110001011011110101000
00001000010110001110000111111001
00001000010110010000101111010110
00001000010110010011010100000111
00001000010110010101001010100110
00001000010110010110111101001110
00001000010110011000101011101101
00001000010110011010010101100101
00001000010110011011111010000111
00001000010110011100101110011100
00001000010110011101011100111100
00001000010110011110000101101100
00001000010110011110101000011011
00001000010110011111000100111010
00001000010110011111011011011011
00001000010110011111101011011101
00001000010110011111110101001000
00001000010110011111111000010000
00001000010110011111110100111001
00001000010110011111101011010100
00001000010110011111011011010100
00001000010110011111000100111001
00001000010110011110101000011011
00001000010110011110000101011111
00001000010110011101011100110010
00001000010110011100101110010101
00001000010110011011111001111111
00001000010110011010010101001001
00001000010110011000101011010101
00001000010110010110111100111001
00001000010110010101001010000100
00001000010110010011010011110001
00001000010110010000101110101110
00001000010110001110000111010011
00001000010110001011011110000000
00001000010110001000001000000010
00001000010110000100110001110011
00001000010110000001011011110001
00001000010101111110000111000110
00001000010101111010001001001110
00001000010101110101100011010111
00001000010101110000010110100111
00001000010101101011010000011101
00001000010101110000010111110100
00001000010101110101100100100001
00001000010101111010001010010000
00001000010101111110000111110000
00001000010110000001011100100111
00001000010110000100110010011101
00001000010110001000001000101100
00001000010110001011011110101000
00001000010110001110000111111001
00001000010110010000101111010110
00001000010110010011010100000111
00001000010110010101001010100110
00001000010110010110111101001110
00001000010110011000101011101101
00001000010110011010010101100101
00001000010110011011111010000111
00001000010110011100101110011100
00001000010110011101011100111100
00001000010110011110000101101100
00001000010110011110101000011011
00001000010110011111000100111010
00001000010110011111011011011011
00001000010110011111101011011101
00001000010110011111110101001000
00001000010110011111111000010000
00001000010110011111110100111001
00001000010110011111101011010100
00001000010110011111011011010100
00001000010110011111000100111001
00001000010110011110101000011011
00001000010110011110000101011111
00001000010110011101011100110010
00001000010110011100101110010101
00001000010110011011111001111111
00001000010110011010010101001001
00001000010110011000101011010101
00001000010110010110111100111001
00001000010110010101001010000100
00001000010110010011010011110001
00001000010110010000101110101110
00001000010110001110000111010011
00001000010110001011011110000000
00001000010110001000001000000010
00001000010110000100110001110011
00001000010110000001011011110001
00001000010101111110000111000110
00001000010101111010001001001110
00001000010101110101100011010111
00001000010101110000010110100111
00001000010101101011010000011101
00001000010101110000010111110100
00001000010101110101100100100001
00001000010101111010001010010000
00001000010101111110000111110000
00001000010110000001011100100111
00001000010110000100110010011101
00001000010110001000001000101100
00001000010110001011011110101000
00001000010110001110000111111001
00001000010110010000101111010110
00001000010110010011010100000111
00001000010110010101001010100110
00001000010110010110111101001110
00001000010110011000101011101101
00001000010110011010010101100101
00001000010110011011111010000111
00001000010110011100101110011100
00001000010110011101011100111100
00001000010110011110000101101100
00001000010110011110101000011011
00001000010110011111000100111010
00001000010110011111011011011011
00001000010110011111101011011101
00001000010110011111110101001000
00001000010110011111111000010000
00001000010110011111110100111001
00001000010110011111101011010100
00001000010110011111011011010100
00001000010110011111000100111001
00001000010110011110101000011011
00001000010110011110000101011111
00001000010110011101011100110010
00001000010110011100101110010101
00001000010110011011111001111111
00001000010110011010010101001001
00001000010110011000101011010101
00001000010110010110111100111001
00001000010110010101001010000100
00001000010110010011010011110001
00001000010110010000101110101110
00001000010110001110000111010011
00001000010110001011011110000000
00001000010110001000001000000010
00001000010110000100110001110011
00001000010110000001011011110001
00001000010101111110000111000110
00001000010101111010001001001110
00001000010101110101100011010111
00001000010101110000010110100111
00001000010101101011010000011101
00001000010101110000010111110100
00001000010101110101100100100001
00001000010101111010001010010000
00001000010101111110000111110000
00001000010110000001011100100111
00001000010110000100110010011101
00001000010110001000001000101100
00001000010110001011011110101000
00001000010110001110000111111001
00001000010110010000101111010110
00001000010110010011010100000111
00001000010110010101001010100110
00001000010110010110111101001110
00001000010110011000101011101101
00001000010110011010010101100101
00001000010110011011111010000111
00001000010110011100101110011100
00001000010110011101011100111100
00001000010110011110000101101100
00001000010110011110101000011011
00001000010110011111000100111010
00001000010110011111011011011011
00001000010110011111101011011101
00001000010110011111110101001000
00001000010110011111111000010000
00001000010110011111110100111001
00001000010110011111101011010100
00001000010110011111011011010100
00001000010110011111000100111001
00001000010110011110101000011011
00001000010110011110000101011111
00001000010110011101011100110010
00001000010110011100101110010101
00001000010110011011111001111111
00001000010110011010010101001001
00001000010110011000101011010101
00001000010110010110111100111001
00001000010110010101001010000100
00001000010110010011010011110001
00001000010110010000101110101110
00001000010110001110000111010011
00001000010110001011011110000000
00001000010110001000001000000010
00001000010110000100110001110011
00001000010110000001011011110001
00001000010101111110000111000110
00001000010101111010001001001110
00001000010101110101100011010111
00001000010101110000010110100111
00001000010101101011010000011101
00001000010101110000010111110100
00001000010101110101100100100001
00001000010101111010001010010000
00001000010101111110000111110000
00001000010110000001011100100111
00001000010110000100110010011101
00001000010110001000001000101100
00001000010110001011011110101000
00001000010110001110000111111001
00001000010110010000101111010110
00001000010110010011010100000111
00001000010110010101001010100110
00001000010110010110111101001110
00001000010110011000101011101101
00001000010110011010010101100101
00001000010110011011111010000111
00001000010110011100101110011100
00001000010110011101011100111100
00001000010110011110000101101100
00001000010110011110101000011011
00001000010110011111000100111010
00001000010110011111011011011011
00001000010110011111101011011101
00001000010110011111110101001000
00001000010110011111111000010000
00001000010110011111110100111001
00001000010110011111101011010100
00001000010110011111011011010100
00001000010110011111000100111001
00001000010110011110101000011011
00001000010110011110000101011111
00001000010110011101011100110010
00001000010110011100101110010101
00001000010110011011111001111111
00001000010110011010010101001001
00001000010110011000101011010101
00001000010110010110111100111001
00001000010110010101001010000100
00001000010110010011010011110001
00001000010110010000101110101110
00001000010110001110000111010011
00001000010110001011011110000000
00001000010110001000001000000010
00001000010110000100110001110011
00001000010110000001011011110001
00001000010101111110000111000110
00001000010101111010001001001110
00001000010101110101100011010111
00001000010101110000010110100111
00001000010101101011010000011101
00001000010101110000010111110100
00001000010101110101100100100001
00001000010101111010001010010000
00001000010101111110000111110000
00001000010110000001011100100111
00001000010110000100110010011101
00001000010110001000001000101100
00001000010110001011011110101000
00001000010110001110000111111001
00001000010110010000101111010110
00001000010110010011010100000111
00001000010110010101001010100110
00001000010110010110111101001110
00001000010110011000101011101101
00001000010110011010010101100101
00001000010110011011111010000111
00001000010110011100101110011100
00001000010110011101011100111100
00001000010110011110000101101100
00001000010110011110101000011011
00001000010110011111000100111010
00001000010110011111011011011011
00001000010110011111101011011101
00001000010110011111110101001000
00001000010110011111111000010000
00001000010110011111110100111001
00001000010110011111101011010100
00001000010110011111011011010100
00001000010110011111000100111001
00001000010110011110101000011011
00001000010110011110000101011111
00001000010110011101011100110010
00001000010110011100101110010101
00001000010110011011111001111111
00001000010110011010010101001001
00001000010110011000101011010101
00001000010110010110111100111001
00001000010110010101001010000100
00001000010110010011010011110001
00001000010110010000101110101110
00001000010110001110000111010011
00001000010110001011011110000000
00001000010110001000001000000010
00001000010110000100110001110011
00001000010110000001011011110001
00001000010101111110000111000110
00001000010101111010001001001110
00001000010101110101100011010111
00001000010101110000010110100111
00001000010101101011010000011101
00001000010101110000010111110100
00001000010101110101100100100001
00001000010101111010001010010000
00001000010101111110000111110000
00001000010110000001011100100111
00001000010110000100110010011101
00001000010110001000001000101100
00001000010110001011011110101000
00001000010110001110000111111001
00001000010110010000101111010110
00001000010110010011010100000111
00001000010110010101001010100110
00001000010110010110111101001110
00001000010110011000101011101101
00001000010110011010010101100101
00001000010110011011111010000111
00001000010110011100101110011100
00001000010110011101011100111100
00001000010110011110000101101100
00001000010110011110101000011011
00001000010110011111000100111010
00001000010110011111011011011011
00001000010110011111101011011101
00001000010110011111110101001000
00001000010110011111111000010000
00001000010110011111110100111001
00001000010110011111101011010100
00001000010110011111011011010100
00001000010110011111000100111001
00001000010110011110101000011011
00001000010110011110000101011111
00001000010110011101011100110010
00001000010110011100101110010101
00001000010110011011111001111111
00001000010110011010010101001001
00001000010110011000101011010101
00001000010110010110111100111001
00001000010110010101001010000100
00001000010110010011010011110001
00001000010110010000101110101110
00001000010110001110000111010011
00001000010110001011011110000000
00001000010110001000001000000010
00001000010110000100110001110011
00001000010110000001011011110001
00001000010101111110000111000110
00001000010101111010001001001110
00001000010101110101100011010111
00001000010101110000010110100111
00001000010101101011010000011101
00001000010101110000010111110100
00001000010101110101100100100001
00001000010101111010001010010000
00001000010101111110000111110000
00001000010110000001011100100111
00001000010110000100110010011101
00001000010110001000001000101100
00001000010110001011011110101000
00001000010110001110000111111001
00001000010110010000101111010110
00001000010110010011010100000111
00001000010110010101001010100110
00001000010110010110111101001110
00001000010110011000101011101101
00001000010110011010010101100101
00001000010110011011111010000111
00001000010110011100101110011100
00001000010110011101011100111100
00001000010110011110000101101100
00001000010110011110101000011011
00001000010110011111000100111010
00001000010110011111011011011011
00001000010110011111101011011101
00001000010110011111110101001000
00001000010110011111111000010000
00001000010110011111110100111001
00001000010110011111101011010100
00001000010110011111011011010100
00001000010110011111000100111001
00001000010110011110101000011011
00001000010110011110000101011111
00001000010110011101011100110010
00001000010110011100101110010101
00001000010110011011111001111111
00001000010110011010010101001001
00001000010110011000101011010101
00001000010110010110111100111001
00001000010110010101001010000100
00001000010110010011010011110001
00001000010110010000101110101110
00001000010110001110000111010011
00001000010110001011011110000000
00001000010110001000001000000010
00001000010110000100110001110011
00001000010110000001011011110001
00001000010101111110000111000110
00001000010101111010001001001110
00001000010101110101100011010111
00001000010101110000010110100111
00001000010101101011010000011101
00001000010101110000010111110100
00001000010101110101100100100001
00001000010101111010001010010000
00001000010101111110000111110000
00001000010110000001011100100111
00001000010110000100110010011101
00001000010110001000001000101100
00001000010110001011011110101000
00001000010110001110000111111001
00001000010110010000101111010110
00001000010110010011010100000111
00001000010110010101001010100110
00001000010110010110111101001110
00001000010110011000101011101101
00001000010110011010010101100101
00001000010110011011111010000111
00001000010110011100101110011100
00001000010110011101011100111100
00001000010110011110000101101100
00001000010110011110101000011011
00001000010110011111000100111010
00001000010110011111011011011011
00001000010110011111101011011101
00001000010110011111110101001000
00001000010110011111111000010000
00001000010110011111110100111001
00001000010110011111101011010100
00001000010110011111011011010100
00001000010110011111000100111001
00001000010110011110101000011011
00001000010110011110000101011111
00001000010110011101011100110010
00001000010110011100101110010101
00001000010110011011111001111111
00001000010110011010010101001001
00001000010110011000101011010101
00001000010110010110111100111001
00001000010110010101001010000100
00001000010110010011010011110001
00001000010110010000101110101110
00001000010110001110000111010011
00001000010110001011011110000000
00001000010110001000001000000010
00001000010110000100110001110011
00001000010110000001011011110001
00001000010101111110000111000110
00001000010101111010001001001110
00001000010101110101100011010111
00001000010101110000010110100111
00001000010101101011010000011101
00001000010101110000010111110100
00001000010101110101100100100001
00001000010101111010001010010000
00001000010101111110000111110000
00001000010110000001011100100111
00001000010110000100110010011101
00001000010110001000001000101100
00001000010110001011011110101000
00001000010110001110000111111001
00001000010110010000101111010110
00001000010110010011010100000111
00001000010110010101001010100110
00001000010110010110111101001110
00001000010110011000101011101101
00001000010110011010010101100101
00001000010110011011111010000111
00001000010110011100101110011100
00001000010110011101011100111100
00001000010110011110000101101100
00001000010110011110101000011011
00001000010110011111000100111010
00001000010110011111011011011011
00001000010110011111101011011101
00001000010110011111110101001000
00001000010110011111111000010000
00001000010110011111110100111001
00001000010110011111101011010100
00001000010110011111011011010100
00001000010110011111000100111001
00001000010110011110101000011011
00001000010110011110000101011111
00001000010110011101011100110010
00001000010110011100101110010101
00001000010110011011111001111111
00001000010110011010010101001001
00001000010110011000101011010101
00001000010110010110111100111001
00001000010110010101001010000100
00001000010110010011010011110001
00001000010110010000101110101110
00001000010110001110000111010011
00001000010110001011011110000000
00001000010110001000001000000010
00001000010110000100110001110011
00001000010110000001011011110001
00001000010101111110000111000110
00001000010101111010001001001110
00001000010101110101100011010111
00001000010101110000010110100111
00001000010101101011010000011101
00001000010101110000010111110100
00001000010101110101100100100001
00001000010101111010001010010000
00001000010101111110000111110000
00001000010110000001011100100111
00001000010110000100110010011101
00001000010110001000001000101100
00001000010110001011011110101000
00001000010110001110000111111001
00001000010110010000101111010110
00001000010110010011010100000111
00001000010110010101001010100110
00001000010110010110111101001110
00001000010110011000101011101101
00001000010110011010010101100101
00001000010110011011111010000111
00001000010110011100101110011100
00001000010110011101011100111100
00001000010110011110000101101100
00001000010110011110101000011011
00001000010110011111000100111010
00001000010110011111011011011011
00001000010110011111101011011101
00001000010110011111110101001000
00001000010110011111111000010000
00001000010110011111110100111001
00001000010110011111101011010100
00001000010110011111011011010100
00001000010110011111000100111001
00001000010110011110101000011011
00001000010110011110000101011111
00001000010110011101011100110010
00001000010110011100101110010101
00001000010110011011111001111111
00001000010110011010010101001001
00001000010110011000101011010101
00001000010110010110111100111001
00001000010110010101001010000100
00001000010110010011010011110001
00001000010110010000101110101110
00001000010110001110000111010011
00001000010110001011011110000000
00001000010110001000001000000010
00001000010110000100110001110011
00001000010110000001011011110001
00001000010101111110000111000110
00001000010101111010001001001110
00001000010101110101100011010111
00001000010101110000010110100111
00001000010101101011010000011101
00001000010101110000010111110100
00001000010101110101100100100001
00001000010101111010001010010000
00001000010101111110000111110000
00001000010110000001011100100111
00001000010110000100110010011101
00001000010110001000001000101100
00001000010110001011011110101000
00001000010110001110000111111001
00001000010110010000101111010110
00001000010110010011010100000111
00001000010110010101001010100110
00001000010110010110111101001110
00001000010110011000101011101101
00001000010110011010010101100101
00001000010110011011111010000111
00001000010110011100101110011100
00001000010110011101011100111100
00001000010110011110000101101100
00001000010110011110101000011011
00001000010110011111000100111010
00001000010110011111011011011011
00001000010110011111101011011101
00001000010110011111110101001000
00001000010110011111111000010000
00001000010110011111110100111001
00001000010110011111101011010100
00001000010110011111011011010100
00001000010110011111000100111001
00001000010110011110101000011011
00001000010110011110000101011111
00001000010110011101011100110010
00001000010110011100101110010101
00001000010110011011111001111111
00001000010110011010010101001001
00001000010110011000101011010101
00001000010110010110111100111001
00001000010110010101001010000100
00001000010110010011010011110001
00001000010110010000101110101110
00001000010110001110000111010011
00001000010110001011011110000000
00001000010110001000001000000010
00001000010110000100110001110011
00001000010110000001011011110001
00001000010101111110000111000110
00001000010101111010001001001110
00001000010101110101100011010111
00001000010101110000010110100111
00001000010101101011010000011101
00001000010101110000010111110100
00001000010101110101100100100001
00001000010101111010001010010000
00001000010101111110000111110000
00001000010110000001011100100111
00001000010110000100110010011101
00001000010110001000001000101100
00001000010110001011011110101000
00001000010110001110000111111001
00001000010110010000101111010110
00001000010110010011010100000111
00001000010110010101001010100110
00001000010110010110111101001110
00001000010110011000101011101101
00001000010110011010010101100101
00001000010110011011111010000111
00001000010110011100101110011100
00001000010110011101011100111100
00001000010110011110000101101100
00001000010110011110101000011011
00001000010110011111000100111010
00001000010110011111011011011011
00001000010110011111101011011101
00001000010110011111110101001000
00001000010110011111111000010000
00001000010110011111110100111001
00001000010110011111101011010100
00001000010110011111011011010100
00001000010110011111000100111001
00001000010110011110101000011011
00001000010110011110000101011111
00001000010110011101011100110010
00001000010110011100101110010101
00001000010110011011111001111111
00001000010110011010010101001001
00001000010110011000101011010101
00001000010110010110111100111001
00001000010110010101001010000100
00001000010110010011010011110001
00001000010110010000101110101110
00001000010110001110000111010011
00001000010110001011011110000000
00001000010110001000001000000010
00001000010110000100110001110011
00001000010110000001011011110001
00001000010101111110000111000110
00001000010101111010001001001110
