0000000000000000
0000000000000000
0000001011110001
0000010111100000
0000100011001001
0000101110101000
0000111001111100
0001000101000001
0001001111110101
0001011010010101
0001100100011110
0001101110001101
0001110111100001
0010000000010111
0010001000101100
0010010000011110
0010010111101100
0010011110010100
0010100100010100
0010101001101010
0010101110010101
0010110010010101
0010110101100111
0010111000001011
0010111010000001
0010111011001000
0010111011100000
0010111011001000
0010111010000001
0010111000001011
0010110101100111
0010110010010101
0010101110010101
0010101001101010
0010100100010100
0010011110010100
0010010111101100
0010010000011110
0010001000101100
0010000000010111
0001110111100001
0001101110001101
0001100100011110
0001011010010101
0001001111110101
0001000101000001
0000111001111100
0000101110101000
0000100011001001
0000010111100000
0000001011110001
0000000000000000
1111110100001111
1111101000100000
1111011100110111
1111010001011000
1111000110000100
1110111010111111
1110110000001011
1110100101101011
1110011011100010
1110010001110011
1110001000011111
1101111111101001
1101110111010100
1101101111100010
1101101000010100
1101100001101100
1101011011101100
1101010110010110
1101010001101011
1101001101101011
1101001010011001
1101000111110101
1101000101111111
1101000100111000
1101000100100000
1101000100111000
1101000101111111
1101000111110101
1101001010011001
1101001101101011
1101010001101011
1101010110010110
1101011011101100
1101100001101100
1101101000010100
1101101111100010
1101110111010100
1101111111101001
1110001000011111
1110010001110011
1110011011100010
1110100101101011
1110110000001011
1110111010111111
1111000110000100
1111010001011000
1111011100110111
1111101000100000
1111110100001111
0000000000000000
0000010101101000
0000101011001000
0001000000011101
0001010101100001
0001101010010001
0001111110100101
0010010010011001
0010100101101001
0010111000001110
0011001010000101
0011011011001001
0011101011010110
0011111010100111
0100001000111001
0100010110001000
0100100010010000
0100101101010000
0100110111000011
0100111111101000
0101000110111100
0101001100111101
0101010001101011
0101010101000011
0101010111000101
0101010111110000
0101010111000100
0101010101000010
0101010001101010
0101001100111100
0101000110111011
0100111111100110
0100110111000001
0100101101001110
0100100010001110
0100010110000101
0100001000110110
0011111010100100
0011101011010010
0011011011000110
0011001010000001
0010111000001010
0010100101100101
0010010010010101
0001111110100001
0001101010001100
0001010101011101
0001000000011000
0000101011000011
0000010101100011
1111111111111110
1111101010011000
1111010100111000
1110111111100011
1110101010011111
1110010101101111
1110000001011011
1101101101100111
1101011010010111
1101000111110010
1100110101111011
1100100100110111
1100010100101010
1100000101011001
1011110111000111
1011101001111000
1011011101110000
1011010010110000
1011001000111101
1011000000011000
1010111001000100
1010110011000011
1010101110010101
1010101010111101
1010101000111011
1010101000010000
1010101000111100
1010101010111110
1010101110010110
1010110011000100
1010111001000101
1011000000011010
1011001000111111
1011010010110010
1011011101110010
1011101001111011
1011110111001010
1100000101011100
1100010100101110
1100100100111010
1100110101111111
1101000111110110
1101011010011011
1101101101101011
1110000001011111
1110010101110100
1110101010100011
1110111111101000
1111010100111101
1111101010011101
0000000000000010
0000010101101000
0000101011001000
0001000000011101
0001010101100001
0001101010010001
0001111110100101
0010010010011001
0010100101101001
0010111000001110
0011001010000101
0011011011001001
0011101011010110
0011111010100111
0100001000111001
0100010110001000
0100100010010000
0100101101010000
0100110111000011
0100111111101000
0101000110111100
0101001100111101
0101010001101011
0101010101000011
0101010111000101
0101010111110000
0101010111000100
0101010101000010
0101010001101010
0101001100111100
0101000110111011
0100111111100110
0100110111000001
0100101101001110
0100100010001110
0100010110000101
0100001000110110
0011111010100100
0011101011010010
0011011011000110
0011001010000001
0010111000001010
0010100101100101
0010010010010101
0001111110100001
0001101010001100
0001010101011101
0001000000011000
0000101011000011
0000010101100011
1111111111111110
1111101010011000
1111010100111000
1110111111100011
1110101010011111
1110010101101111
1110000001011011
1101101101100111
1101011010010111
1101000111110010
1100110101111011
1100100100110111
1100010100101010
1100000101011001
1011110111000111
1011101001111000
1011011101110000
1011010010110000
1011001000111101
1011000000011000
1010111001000100
1010110011000011
1010101110010101
1010101010111101
1010101000111011
1010101000010000
1010101000111100
1010101010111110
1010101110010110
1010110011000100
1010111001000101
1011000000011010
1011001000111111
1011010010110010
1011011101110010
1011101001111011
1011110111001010
1100000101011100
1100010100101110
1100100100111010
1100110101111111
1101000111110110
1101011010011011
1101101101101011
1110000001011111
1110010101110100
1110101010100011
1110111111101000
1111010100111101
1111101010011101
0000000000000010
0000010101101000
0000101011001000
0001000000011101
0001010101100001
0001101010010001
0001111110100101
0010010010011001
0010100101101001
0010111000001110
0011001010000101
0011011011001001
0011101011010110
0011111010100111
0100001000111001
0100010110001000
0100100010010000
0100101101010000
0100110111000011
0100111111101000
0101000110111100
0101001100111101
0101010001101011
0101010101000011
0101010111000101
0101010111110000
0101010111000100
0101010101000010
0101010001101010
0101001100111100
0101000110111011
0100111111100110
0100110111000001
0100101101001110
0100100010001110
0100010110000101
0100001000110110
0011111010100100
0011101011010010
0011011011000110
0011001010000001
0010111000001010
0010100101100101
0010010010010101
0001111110100001
0001101010001100
0001010101011101
0001000000011000
0000101011000011
0000010101100011
1111111111111110
1111101010011000
1111010100111000
1110111111100011
1110101010011111
1110010101101111
1110000001011011
1101101101100111
1101011010010111
1101000111110010
1100110101111011
1100100100110111
1100010100101010
1100000101011001
1011110111000111
1011101001111000
1011011101110000
1011010010110000
1011001000111101
1011000000011000
1010111001000100
1010110011000011
1010101110010101
1010101010111101
1010101000111011
1010101000010000
1010101000111100
1010101010111110
1010101110010110
1010110011000100
1010111001000101
1011000000011010
1011001000111111
1011010010110010
1011011101110010
1011101001111011
1011110111001010
1100000101011100
1100010100101110
1100100100111010
1100110101111111
1101000111110110
1101011010011011
1101101101101011
1110000001011111
1110010101110100
1110101010100011
1110111111101000
1111010100111101
1111101010011101
0000000000000010
0000010101101000
0000101011001000
0001000000011101
0001010101100001
0001101010010001
0001111110100101
0010010010011001
0010100101101001
0010111000001110
0011001010000101
0011011011001001
0011101011010110
0011111010100111
0100001000111001
0100010110001000
0100100010010000
0100101101010000
0100110111000011
0100111111101000
0101000110111100
0101001100111101
0101010001101011
0101010101000011
0101010111000101
0101010111110000
0101010111000100
0101010101000010
0101010001101010
0101001100111100
0101000110111011
0100111111100110
0100110111000001
0100101101001110
0100100010001110
0100010110000101
0100001000110110
0011111010100100
0011101011010010
0011011011000110
0011001010000001
0010111000001010
0010100101100101
0010010010010101
0001111110100001
0001101010001100
0001010101011101
0001000000011000
0000101011000011
0000010101100011
1111111111111110
1111101010011000
1111010100111000
1110111111100011
1110101010011111
1110010101101111
1110000001011011
1101101101100111
1101011010010111
1101000111110010
1100110101111011
1100100100110111
1100010100101010
1100000101011001
1011110111000111
1011101001111000
1011011101110000
1011010010110000
1011001000111101
1011000000011000
1010111001000100
1010110011000011
1010101110010101
1010101010111101
1010101000111011
1010101000010000
1010101000111100
1010101010111110
1010101110010110
1010110011000100
1010111001000101
1011000000011010
1011001000111111
1011010010110010
1011011101110010
1011101001111011
1011110111001010
1100000101011100
1100010100101110
1100100100111010
1100110101111111
1101000111110110
1101011010011011
1101101101101011
1110000001011111
1110010101110100
1110101010100011
1110111111101000
1111010100111101
1111101010011101
0000000000000010
0000010101101000
0000101011001000
0001000000011101
0001010101100001
0001101010010001
0001111110100101
0010010010011001
0010100101101001
0010111000001110
0011001010000101
0011011011001001
0011101011010110
0011111010100111
0100001000111001
0100010110001000
0100100010010000
0100101101010000
0100110111000011
0100111111101000
0101000110111100
0101001100111101
0101010001101011
0101010101000011
0101010111000101
0101010111110000
0101010111000100
0101010101000010
0101010001101010
0101001100111100
0101000110111011
0100111111100110
0100110111000001
0100101101001110
0100100010001110
0100010110000101
0100001000110110
0011111010100100
0011101011010010
0011011011000110
0011001010000001
0010111000001010
0010100101100101
0010010010010101
0001111110100001
0001101010001100
0001010101011101
0001000000011000
0000101011000011
0000010101100011
1111111111111110
1111101010011000
1111010100111000
1110111111100011
1110101010011111
1110010101101111
1110000001011011
1101101101100111
1101011010010111
1101000111110010
1100110101111011
1100100100110111
1100010100101010
1100000101011001
1011110111000111
1011101001111000
1011011101110000
1011010010110000
1011001000111101
1011000000011000
1010111001000100
1010110011000011
1010101110010101
1010101010111101
1010101000111011
1010101000010000
1010101000111100
1010101010111110
1010101110010110
1010110011000100
1010111001000101
1011000000011010
1011001000111111
1011010010110010
1011011101110010
1011101001111011
1011110111001010
1100000101011100
1100010100101110
1100100100111010
1100110101111111
1101000111110110
1101011010011011
1101101101101011
1110000001011111
1110010101110100
1110101010100011
1110111111101000
1111010100111101
1111101010011101
0000000000000010
0000010101101000
0000101011001000
0001000000011101
0001010101100001
0001101010010001
0001111110100101
0010010010011001
0010100101101001
0010111000001110
0011001010000101
0011011011001001
0011101011010110
0011111010100111
0100001000111001
0100010110001000
0100100010010000
0100101101010000
0100110111000011
0100111111101000
0101000110111100
0101001100111101
0101010001101011
0101010101000011
0101010111000101
0101010111110000
0101010111000100
0101010101000010
0101010001101010
0101001100111100
0101000110111011
0100111111100110
0100110111000001
0100101101001110
0100100010001110
0100010110000101
0100001000110110
0011111010100100
0011101011010010
0011011011000110
0011001010000001
0010111000001010
0010100101100101
0010010010010101
0001111110100001
0001101010001100
0001010101011101
0001000000011000
0000101011000011
0000010101100011
1111111111111110
1111101010011000
1111010100111000
1110111111100011
1110101010011111
1110010101101111
1110000001011011
1101101101100111
1101011010010111
1101000111110010
1100110101111011
1100100100110111
1100010100101010
1100000101011001
1011110111000111
1011101001111000
1011011101110000
1011010010110000
1011001000111101
1011000000011000
1010111001000100
1010110011000011
1010101110010101
1010101010111101
1010101000111011
1010101000010000
1010101000111100
1010101010111110
1010101110010110
1010110011000100
1010111001000101
1011000000011010
1011001000111111
1011010010110010
1011011101110010
1011101001111011
1011110111001010
1100000101011100
1100010100101110
1100100100111010
1100110101111111
1101000111110110
1101011010011011
1101101101101011
1110000001011111
1110010101110100
1110101010100011
1110111111101000
1111010100111101
1111101010011101
0000000000000010
0000010101101000
0000101011001000
0001000000011101
0001010101100001
0001101010010001
0001111110100101
0010010010011001
0010100101101001
0010111000001110
0011001010000101
0011011011001001
0011101011010110
0011111010100111
0100001000111001
0100010110001000
0100100010010000
0100101101010000
0100110111000011
0100111111101000
0101000110111100
0101001100111101
0101010001101011
0101010101000011
0101010111000101
0101010111110000
0101010111000100
0101010101000010
0101010001101010
0101001100111100
0101000110111011
0100111111100110
0100110111000001
0100101101001110
0100100010001110
0100010110000101
0100001000110110
0011111010100100
0011101011010010
0011011011000110
0011001010000001
0010111000001010
0010100101100101
0010010010010101
0001111110100001
0001101010001100
0001010101011101
0001000000011000
0000101011000011
0000010101100011
1111111111111110
1111101010011000
1111010100111000
1110111111100011
1110101010011111
1110010101101111
1110000001011011
1101101101100111
1101011010010111
1101000111110010
1100110101111011
1100100100110111
1100010100101010
1100000101011001
1011110111000111
1011101001111000
1011011101110000
1011010010110000
1011001000111101
1011000000011000
1010111001000100
1010110011000011
1010101110010101
1010101010111101
1010101000111011
1010101000010000
1010101000111100
1010101010111110
1010101110010110
1010110011000100
1010111001000101
1011000000011010
1011001000111111
1011010010110010
1011011101110010
1011101001111011
1011110111001010
1100000101011100
1100010100101110
1100100100111010
1100110101111111
1101000111110110
1101011010011011
1101101101101011
1110000001011111
1110010101110100
1110101010100011
1110111111101000
1111010100111101
1111101010011101
0000000000000010
0000010101101000
0000101011001000
0001000000011101
0001010101100001
0001101010010001
0001111110100101
0010010010011001
0010100101101001
0010111000001110
0011001010000101
0011011011001001
0011101011010110
0011111010100111
0100001000111001
0100010110001000
0100100010010000
0100101101010000
0100110111000011
0100111111101000
0101000110111100
0101001100111101
0101010001101011
0101010101000011
0101010111000101
0101010111110000
0101010111000100
0101010101000010
0101010001101010
0101001100111100
0101000110111011
0100111111100110
0100110111000001
0100101101001110
0100100010001110
0100010110000101
0100001000110110
0011111010100100
0011101011010010
0011011011000110
0011001010000001
0010111000001010
0010100101100101
0010010010010101
0001111110100001
0001101010001100
0001010101011101
0001000000011000
0000101011000011
0000010101100011
1111111111111110
1111101010011000
1111010100111000
1110111111100011
1110101010011111
1110010101101111
1110000001011011
1101101101100111
1101011010010111
1101000111110010
1100110101111011
1100100100110111
1100010100101010
1100000101011001
1011110111000111
1011101001111000
1011011101110000
1011010010110000
1011001000111101
1011000000011000
1010111001000100
1010110011000011
1010101110010101
1010101010111101
1010101000111011
1010101000010000
1010101000111100
1010101010111110
1010101110010110
1010110011000100
1010111001000101
1011000000011010
1011001000111111
1011010010110010
1011011101110010
1011101001111011
1011110111001010
1100000101011100
1100010100101110
1100100100111010
1100110101111111
1101000111110110
1101011010011011
1101101101101011
1110000001011111
1110010101110100
1110101010100011
1110111111101000
1111010100111101
1111101010011101
0000000000000010
0000010101101000
0000101011001000
0001000000011101
0001010101100001
0001101010010001
0001111110100101
0010010010011001
0010100101101001
0010111000001110
0011001010000101
0011011011001001
0011101011010110
0011111010100111
0100001000111001
0100010110001000
0100100010010000
0100101101010000
0100110111000011
0100111111101000
0101000110111100
0101001100111101
0101010001101011
0101010101000011
0101010111000101
0101010111110000
0101010111000100
0101010101000010
0101010001101010
0101001100111100
0101000110111011
0100111111100110
0100110111000001
0100101101001110
0100100010001110
0100010110000101
0100001000110110
0011111010100100
0011101011010010
0011011011000110
0011001010000001
0010111000001010
0010100101100101
0010010010010101
0001111110100001
0001101010001100
0001010101011101
0001000000011000
0000101011000011
0000010101100011
1111111111111110
1111101010011000
1111010100111000
1110111111100011
1110101010011111
1110010101101111
1110000001011011
1101101101100111
1101011010010111
1101000111110010
1100110101111011
1100100100110111
1100010100101010
1100000101011001
1011110111000111
1011101001111000
1011011101110000
1011010010110000
1011001000111101
1011000000011000
1010111001000100
1010110011000011
1010101110010101
1010101010111101
1010101000111011
1010101000010000
1010101000111100
1010101010111110
1010101110010110
1010110011000100
1010111001000101
1011000000011010
1011001000111111
1011010010110010
1011011101110010
1011101001111011
1011110111001010
1100000101011100
1100010100101110
1100100100111010
1100110101111111
1101000111110110
1101011010011011
1101101101101011
1110000001011111
1110010101110100
1110101010100011
1110111111101000
1111010100111101
1111101010011101
0000000000000010
0000010101101000
0000101011001000
0001000000011101
0001010101100001
0001101010010001
0001111110100101
0010010010011001
0010100101101001
0010111000001110
0011001010000101
0011011011001001
0011101011010110
0011111010100111
0100001000111001
0100010110001000
0100100010010000
0100101101010000
0100110111000011
0100111111101000
0101000110111100
0101001100111101
0101010001101011
0101010101000011
0101010111000101
0101010111110000
0101010111000100
0101010101000010
0101010001101010
0101001100111100
0101000110111011
0100111111100110
0100110111000001
0100101101001110
0100100010001110
0100010110000101
0100001000110110
0011111010100100
0011101011010010
0011011011000110
0011001010000001
0010111000001010
0010100101100101
0010010010010101
0001111110100001
0001101010001100
0001010101011101
0001000000011000
0000101011000011
0000010101100011
1111111111111110
1111101010011000
1111010100111000
1110111111100011
1110101010011111
1110010101101111
1110000001011011
1101101101100111
1101011010010111
1101000111110010
1100110101111011
1100100100110111
1100010100101010
1100000101011001
1011110111000111
1011101001111000
1011011101110000
1011010010110000
1011001000111101
1011000000011000
1010111001000100
1010110011000011
1010101110010101
1010101010111101
1010101000111011
1010101000010000
1010101000111100
1010101010111110
1010101110010110
1010110011000100
1010111001000101
1011000000011010
1011001000111111
1011010010110010
1011011101110010
1011101001111011
1011110111001010
1100000101011100
1100010100101110
1100100100111010
1100110101111111
1101000111110110
1101011010011011
1101101101101011
1110000001011111
1110010101110100
1110101010100011
1110111111101000
1111010100111101
1111101010011101
0000000000000010
0000010101101000
0000101011001000
0001000000011101
0001010101100001
0001101010010001
0001111110100101
0010010010011001
0010100101101001
0010111000001110
0011001010000101
0011011011001001
0011101011010110
0011111010100111
0100001000111001
0100010110001000
0100100010010000
0100101101010000
0100110111000011
0100111111101000
0101000110111100
0101001100111101
0101010001101011
0101010101000011
0101010111000101
0101010111110000
0101010111000100
0101010101000010
0101010001101010
0101001100111100
0101000110111011
0100111111100110
0100110111000001
0100101101001110
0100100010001110
0100010110000101
0100001000110110
0011111010100100
0011101011010010
0011011011000110
0011001010000001
0010111000001010
0010100101100101
0010010010010101
0001111110100001
0001101010001100
0001010101011101
0001000000011000
0000101011000011
0000010101100011
1111111111111110
1111101010011000
1111010100111000
1110111111100011
1110101010011111
1110010101101111
1110000001011011
1101101101100111
1101011010010111
1101000111110010
1100110101111011
1100100100110111
1100010100101010
1100000101011001
1011110111000111
1011101001111000
1011011101110000
1011010010110000
1011001000111101
1011000000011000
1010111001000100
1010110011000011
1010101110010101
1010101010111101
1010101000111011
1010101000010000
1010101000111100
1010101010111110
1010101110010110
1010110011000100
1010111001000101
1011000000011010
1011001000111111
1011010010110010
1011011101110010
1011101001111011
1011110111001010
1100000101011100
1100010100101110
1100100100111010
1100110101111111
1101000111110110
1101011010011011
1101101101101011
1110000001011111
1110010101110100
1110101010100011
1110111111101000
1111010100111101
1111101010011101
0000000000000010
0000010101101000
0000101011001000
0001000000011101
0001010101100001
0001101010010001
0001111110100101
0010010010011001
0010100101101001
0010111000001110
0011001010000101
0011011011001001
0011101011010110
0011111010100111
0100001000111001
0100010110001000
0100100010010000
0100101101010000
0100110111000011
0100111111101000
0101000110111100
0101001100111101
0101010001101011
0101010101000011
0101010111000101
0101010111110000
0101010111000100
0101010101000010
0101010001101010
0101001100111100
0101000110111011
0100111111100110
0100110111000001
0100101101001110
0100100010001110
0100010110000101
0100001000110110
0011111010100100
0011101011010010
0011011011000110
0011001010000001
0010111000001010
0010100101100101
0010010010010101
0001111110100001
0001101010001100
0001010101011101
0001000000011000
0000101011000011
0000010101100011
1111111111111110
1111101010011000
1111010100111000
1110111111100011
1110101010011111
1110010101101111
1110000001011011
1101101101100111
1101011010010111
1101000111110010
1100110101111011
1100100100110111
1100010100101010
1100000101011001
1011110111000111
1011101001111000
1011011101110000
1011010010110000
1011001000111101
1011000000011000
1010111001000100
1010110011000011
1010101110010101
1010101010111101
1010101000111011
1010101000010000
1010101000111100
1010101010111110
1010101110010110
1010110011000100
1010111001000101
1011000000011010
1011001000111111
1011010010110010
1011011101110010
1011101001111011
1011110111001010
1100000101011100
1100010100101110
1100100100111010
1100110101111111
1101000111110110
1101011010011011
1101101101101011
1110000001011111
1110010101110100
1110101010100011
1110111111101000
1111010100111101
1111101010011101
0000000000000010
0000010101101000
0000101011001000
0001000000011101
0001010101100001
0001101010010001
0001111110100101
0010010010011001
0010100101101001
0010111000001110
0011001010000101
0011011011001001
0011101011010110
0011111010100111
0100001000111001
0100010110001000
0100100010010000
0100101101010000
0100110111000011
0100111111101000
0101000110111100
0101001100111101
0101010001101011
0101010101000011
0101010111000101
0101010111110000
0101010111000100
0101010101000010
0101010001101010
0101001100111100
0101000110111011
0100111111100110
0100110111000001
0100101101001110
0100100010001110
0100010110000101
0100001000110110
0011111010100100
0011101011010010
0011011011000110
0011001010000001
0010111000001010
0010100101100101
0010010010010101
0001111110100001
0001101010001100
0001010101011101
0001000000011000
0000101011000011
0000010101100011
1111111111111110
1111101010011000
1111010100111000
1110111111100011
1110101010011111
1110010101101111
1110000001011011
1101101101100111
1101011010010111
1101000111110010
1100110101111011
1100100100110111
1100010100101010
1100000101011001
1011110111000111
1011101001111000
1011011101110000
1011010010110000
1011001000111101
1011000000011000
1010111001000100
1010110011000011
1010101110010101
1010101010111101
1010101000111011
1010101000010000
1010101000111100
1010101010111110
1010101110010110
1010110011000100
1010111001000101
1011000000011010
1011001000111111
1011010010110010
1011011101110010
1011101001111011
1011110111001010
1100000101011100
1100010100101110
1100100100111010
1100110101111111
1101000111110110
1101011010011011
1101101101101011
1110000001011111
1110010101110100
1110101010100011
1110111111101000
1111010100111101
1111101010011101
0000000000000010
0000010101101000
0000101011001000
0001000000011101
0001010101100001
0001101010010001
0001111110100101
0010010010011001
0010100101101001
0010111000001110
0011001010000101
0011011011001001
0011101011010110
0011111010100111
0100001000111001
0100010110001000
0100100010010000
0100101101010000
0100110111000011
0100111111101000
0101000110111100
0101001100111101
0101010001101011
0101010101000011
0101010111000101
0101010111110000
0101010111000100
0101010101000010
0101010001101010
0101001100111100
0101000110111011
0100111111100110
0100110111000001
0100101101001110
0100100010001110
0100010110000101
0100001000110110
0011111010100100
0011101011010010
0011011011000110
0011001010000001
0010111000001010
0010100101100101
0010010010010101
0001111110100001
0001101010001100
0001010101011101
0001000000011000
0000101011000011
0000010101100011
1111111111111110
1111101010011000
1111010100111000
1110111111100011
1110101010011111
1110010101101111
1110000001011011
1101101101100111
1101011010010111
1101000111110010
1100110101111011
1100100100110111
1100010100101010
1100000101011001
1011110111000111
1011101001111000
1011011101110000
1011010010110000
1011001000111101
1011000000011000
1010111001000100
1010110011000011
1010101110010101
1010101010111101
1010101000111011
1010101000010000
1010101000111100
1010101010111110
1010101110010110
1010110011000100
1010111001000101
1011000000011010
1011001000111111
1011010010110010
1011011101110010
1011101001111011
1011110111001010
1100000101011100
1100010100101110
1100100100111010
1100110101111111
1101000111110110
1101011010011011
1101101101101011
1110000001011111
1110010101110100
1110101010100011
1110111111101000
1111010100111101
