00000000000000000000000000000000
00000100000001011111101010001100
00000100000001110011011010000011
00000100000001110001110100111101
00000100000001110000001101011010
00000100000001101110100110001110
00000100000001101100111111100110
00000100000001101011000110111111
00000100000001101000111011000010
00000100000001100110011100000110
00000100000001100011111110000011
00000100000001100101111110001011
00000100000001101000011110011101
00000100000001101010101101111110
00000100000001101100101010010011
00000100000001101110010010111101
00000100000001101111111001111011
00000100000001110001100001011100
00000100000001110011001000101010
00000100000001110100011100011011
00000100000001110101101101011011
00000100000001110110111100111111
00000100000001110111111000010001
00000100000001111000101111101100
00000100000001111001100101001110
00000100000001111010011000100011
00000100000001111011001001011000
00000100000001111011100100110101
00000100000001111011111011011110
00000100000001111100001111100011
00000100000001111100100000101010
00000100000001111100101110100010
00000100000001111100111001110001
00000100000001111101000001101111
00000100000001111101000110110001
00000100000001111101001000101001
00000100000001111101000111011001
00000100000001111101000010111110
00000100000001111100111011011000
00000100000001111100110001000010
00000100000001111100100011010100
00000100000001111100010010111000
00000100000001111011111111100011
00000100000001111011101001011011
00000100000001111011010000100000
00000100000001111010100001111100
00000100000001111001101111001110
00000100000001111000111001111010
00000100000001111000000010111100
00000100000001110111001001111001
00000100000001110101111100100100
00000100000001110100101011101111
00000100000001110011011010000011
00000100000001110001110100111101
00000100000001110000001101011010
00000100000001101110100110001110
00000100000001101100111111100110
00000100000001101011000110111111
00000100000001101000111011000010
00000100000001100110011100000110
00000100000001100011111110000011
00000100000001100101111110001011
00000100000001101000011110011101
00000100000001101010101101111110
00000100000001101100101010010011
00000100000001101110010010111101
00000100000001101111111001111011
00000100000001110001100001011100
00000100000001110011001000101010
00000100000001110100011100011011
00000100000001110101101101011011
00000100000001110110111100111111
00000100000001110111111000010001
00000100000001111000101111101100
00000100000001111001100101001110
00000100000001111010011000100011
00000100000001111011001001011000
00000100000001111011100100110101
00000100000001111011111011011110
00000100000001111100001111100011
00000100000001111100100000101010
00000100000001111100101110100010
00000100000001111100111001110001
00000100000001111101000001101111
00000100000001111101000110110001
00000100000001111101001000101001
00000100000001111101000111011001
00000100000001111101000010111110
00000100000001111100111011011000
00000100000001111100110001000010
00000100000001111100100011010100
00000100000001111100010010111000
00000100000001111011111111100011
00000100000001111011101001011011
00000100000001111011010000100000
00000100000001111010100001111100
00000100000001111001101111001110
00000100000001111000111001111010
00000100000001111000000010111100
00000100000001110111001001111001
00000100000001110101111100100100
00000100000001110100101011101111
00000100000001110011011010000011
00000100000001110001110100111101
00000100000001110000001101011010
00000100000001101110100110001110
00000100000001101100111111100110
00000100000001101011000110111111
00000100000001101000111011000010
00000100000001100110011100000110
00000100000001100011111110000011
00000100000001100101111110001011
00000100000001101000011110011101
00000100000001101010101101111110
00000100000001101100101010010011
00000100000001101110010010111101
00000100000001101111111001111011
00000100000001110001100001011100
00000100000001110011001000101010
00000100000001110100011100011011
00000100000001110101101101011011
00000100000001110110111100111111
00000100000001110111111000010001
00000100000001111000101111101100
00000100000001111001100101001110
00000100000001111010011000100011
00000100000001111011001001011000
00000100000001111011100100110101
00000100000001111011111011011110
00000100000001111100001111100011
00000100000001111100100000101010
00000100000001111100101110100010
00000100000001111100111001110001
00000100000001111101000001101111
00000100000001111101000110110001
00000100000001111101001000101001
00000100000001111101000111011001
00000100000001111101000010111110
00000100000001111100111011011000
00000100000001111100110001000010
00000100000001111100100011010100
00000100000001111100010010111000
00000100000001111011111111100011
00000100000001111011101001011011
00000100000001111011010000100000
00000100000001111010100001111100
00000100000001111001101111001110
00000100000001111000111001111010
00000100000001111000000010111100
00000100000001110111001001111001
00000100000001110101111100100100
00000100000001110100101011101111
00000100000001110011011010000011
00000100000001110001110100111101
00000100000001110000001101011010
00000100000001101110100110001110
00000100000001101100111111100110
00000100000001101011000110111111
00000100000001101000111011000010
00000100000001100110011100000110
00000100000001100011111110000011
00000100000001100101111110001011
00000100000001101000011110011101
00000100000001101010101101111110
00000100000001101100101010010011
00000100000001101110010010111101
00000100000001101111111001111011
00000100000001110001100001011100
00000100000001110011001000101010
00000100000001110100011100011011
00000100000001110101101101011011
00000100000001110110111100111111
00000100000001110111111000010001
00000100000001111000101111101100
00000100000001111001100101001110
00000100000001111010011000100011
00000100000001111011001001011000
00000100000001111011100100110101
00000100000001111011111011011110
00000100000001111100001111100011
00000100000001111100100000101010
00000100000001111100101110100010
00000100000001111100111001110001
00000100000001111101000001101111
00000100000001111101000110110001
00000100000001111101001000101001
00000100000001111101000111011001
00000100000001111101000010111110
00000100000001111100111011011000
00000100000001111100110001000010
00000100000001111100100011010100
00000100000001111100010010111000
00000100000001111011111111100011
00000100000001111011101001011011
00000100000001111011010000100000
00000100000001111010100001111100
00000100000001111001101111001110
00000100000001111000111001111010
00000100000001111000000010111100
00000100000001110111001001111001
00000100000001110101111100100100
00000100000001110100101011101111
00000100000001110011011010000011
00000100000001110001110100111101
00000100000001110000001101011010
00000100000001101110100110001110
00000100000001101100111111100110
00000100000001101011000110111111
00000100000001101000111011000010
00000100000001100110011100000110
00000100000001100011111110000011
00000100000001100101111110001011
00000100000001101000011110011101
00000100000001101010101101111110
00000100000001101100101010010011
00000100000001101110010010111101
00000100000001101111111001111011
00000100000001110001100001011100
00000100000001110011001000101010
00000100000001110100011100011011
00000100000001110101101101011011
00000100000001110110111100111111
00000100000001110111111000010001
00000100000001111000101111101100
00000100000001111001100101001110
00000100000001111010011000100011
00000100000001111011001001011000
00000100000001111011100100110101
00000100000001111011111011011110
00000100000001111100001111100011
00000100000001111100100000101010
00000100000001111100101110100010
00000100000001111100111001110001
00000100000001111101000001101111
00000100000001111101000110110001
00000100000001111101001000101001
00000100000001111101000111011001
00000100000001111101000010111110
00000100000001111100111011011000
00000100000001111100110001000010
00000100000001111100100011010100
00000100000001111100010010111000
00000100000001111011111111100011
00000100000001111011101001011011
00000100000001111011010000100000
00000100000001111010100001111100
00000100000001111001101111001110
00000100000001111000111001111010
00000100000001111000000010111100
00000100000001110111001001111001
00000100000001110101111100100100
00000100000001110100101011101111
00000100000001110011011010000011
00000100000001110001110100111101
00000100000001110000001101011010
00000100000001101110100110001110
00000100000001101100111111100110
00000100000001101011000110111111
00000100000001101000111011000010
00000100000001100110011100000110
00000100000001100011111110000011
00000100000001100101111110001011
00000100000001101000011110011101
00000100000001101010101101111110
00000100000001101100101010010011
00000100000001101110010010111101
00000100000001101111111001111011
00000100000001110001100001011100
00000100000001110011001000101010
00000100000001110100011100011011
00000100000001110101101101011011
00000100000001110110111100111111
00000100000001110111111000010001
00000100000001111000101111101100
00000100000001111001100101001110
00000100000001111010011000100011
00000100000001111011001001011000
00000100000001111011100100110101
00000100000001111011111011011110
00000100000001111100001111100011
00000100000001111100100000101010
00000100000001111100101110100010
00000100000001111100111001110001
00000100000001111101000001101111
00000100000001111101000110110001
00000100000001111101001000101001
00000100000001111101000111011001
00000100000001111101000010111110
00000100000001111100111011011000
00000100000001111100110001000010
00000100000001111100100011010100
00000100000001111100010010111000
00000100000001111011111111100011
00000100000001111011101001011011
00000100000001111011010000100000
00000100000001111010100001111100
00000100000001111001101111001110
00000100000001111000111001111010
00000100000001111000000010111100
00000100000001110111001001111001
00000100000001110101111100100100
00000100000001110100101011101111
00000100000001110011011010000011
00000100000001110001110100111101
00000100000001110000001101011010
00000100000001101110100110001110
00000100000001101100111111100110
00000100000001101011000110111111
00000100000001101000111011000010
00000100000001100110011100000110
00000100000001100011111110000011
00000100000001100101111110001011
00000100000001101000011110011101
00000100000001101010101101111110
00000100000001101100101010010011
00000100000001101110010010111101
00000100000001101111111001111011
00000100000001110001100001011100
00000100000001110011001000101010
00000100000001110100011100011011
00000100000001110101101101011011
00000100000001110110111100111111
00000100000001110111111000010001
00000100000001111000101111101100
00000100000001111001100101001110
00000100000001111010011000100011
00000100000001111011001001011000
00000100000001111011100100110101
00000100000001111011111011011110
00000100000001111100001111100011
00000100000001111100100000101010
00000100000001111100101110100010
00000100000001111100111001110001
00000100000001111101000001101111
00000100000001111101000110110001
00000100000001111101001000101001
00000100000001111101000111011001
00000100000001111101000010111110
00000100000001111100111011011000
00000100000001111100110001000010
00000100000001111100100011010100
00000100000001111100010010111000
00000100000001111011111111100011
00000100000001111011101001011011
00000100000001111011010000100000
00000100000001111010100001111100
00000100000001111001101111001110
00000100000001111000111001111010
00000100000001111000000010111100
00000100000001110111001001111001
00000100000001110101111100100100
00000100000001110100101011101111
00000100000001110011011010000011
00000100000001110001110100111101
00000100000001110000001101011010
00000100000001101110100110001110
00000100000001101100111111100110
00000100000001101011000110111111
00000100000001101000111011000010
00000100000001100110011100000110
00000100000001100011111110000011
00000100000001100101111110001011
00000100000001101000011110011101
00000100000001101010101101111110
00000100000001101100101010010011
00000100000001101110010010111101
00000100000001101111111001111011
00000100000001110001100001011100
00000100000001110011001000101010
00000100000001110100011100011011
00000100000001110101101101011011
00000100000001110110111100111111
00000100000001110111111000010001
00000100000001111000101111101100
00000100000001111001100101001110
00000100000001111010011000100011
00000100000001111011001001011000
00000100000001111011100100110101
00000100000001111011111011011110
00000100000001111100001111100011
00000100000001111100100000101010
00000100000001111100101110100010
00000100000001111100111001110001
00000100000001111101000001101111
00000100000001111101000110110001
00000100000001111101001000101001
00000100000001111101000111011001
00000100000001111101000010111110
00000100000001111100111011011000
00000100000001111100110001000010
00000100000001111100100011010100
00000100000001111100010010111000
00000100000001111011111111100011
00000100000001111011101001011011
00000100000001111011010000100000
00000100000001111010100001111100
00000100000001111001101111001110
00000100000001111000111001111010
00000100000001111000000010111100
00000100000001110111001001111001
00000100000001110101111100100100
00000100000001110100101011101111
00000100000001110011011010000011
00000100000001110001110100111101
00000100000001110000001101011010
00000100000001101110100110001110
00000100000001101100111111100110
00000100000001101011000110111111
00000100000001101000111011000010
00000100000001100110011100000110
00000100000001100011111110000011
00000100000001100101111110001011
00000100000001101000011110011101
00000100000001101010101101111110
00000100000001101100101010010011
00000100000001101110010010111101
00000100000001101111111001111011
00000100000001110001100001011100
00000100000001110011001000101010
00000100000001110100011100011011
00000100000001110101101101011011
00000100000001110110111100111111
00000100000001110111111000010001
00000100000001111000101111101100
00000100000001111001100101001110
00000100000001111010011000100011
00000100000001111011001001011000
00000100000001111011100100110101
00000100000001111011111011011110
00000100000001111100001111100011
00000100000001111100100000101010
00000100000001111100101110100010
00000100000001111100111001110001
00000100000001111101000001101111
00000100000001111101000110110001
00000100000001111101001000101001
00000100000001111101000111011001
00000100000001111101000010111110
00000100000001111100111011011000
00000100000001111100110001000010
00000100000001111100100011010100
00000100000001111100010010111000
00000100000001111011111111100011
00000100000001111011101001011011
00000100000001111011010000100000
00000100000001111010100001111100
00000100000001111001101111001110
00000100000001111000111001111010
00000100000001111000000010111100
00000100000001110111001001111001
00000100000001110101111100100100
00000100000001110100101011101111
00000100000001110011011010000011
00000100000001110001110100111101
00000100000001110000001101011010
00000100000001101110100110001110
00000100000001101100111111100110
00000100000001101011000110111111
00000100000001101000111011000010
00000100000001100110011100000110
00000100000001100011111110000011
00000100000001100101111110001011
00000100000001101000011110011101
00000100000001101010101101111110
00000100000001101100101010010011
00000100000001101110010010111101
00000100000001101111111001111011
00000100000001110001100001011100
00000100000001110011001000101010
00000100000001110100011100011011
00000100000001110101101101011011
00000100000001110110111100111111
00000100000001110111111000010001
00000100000001111000101111101100
00000100000001111001100101001110
00000100000001111010011000100011
00000100000001111011001001011000
00000100000001111011100100110101
00000100000001111011111011011110
00000100000001111100001111100011
00000100000001111100100000101010
00000100000001111100101110100010
00000100000001111100111001110001
00000100000001111101000001101111
00000100000001111101000110110001
00000100000001111101001000101001
00000100000001111101000111011001
00000100000001111101000010111110
00000100000001111100111011011000
00000100000001111100110001000010
00000100000001111100100011010100
00000100000001111100010010111000
00000100000001111011111111100011
00000100000001111011101001011011
00000100000001111011010000100000
00000100000001111010100001111100
00000100000001111001101111001110
00000100000001111000111001111010
00000100000001111000000010111100
00000100000001110111001001111001
00000100000001110101111100100100
00000100000001110100101011101111
00000100000001110011011010000011
00000100000001110001110100111101
00000100000001110000001101011010
00000100000001101110100110001110
00000100000001101100111111100110
00000100000001101011000110111111
00000100000001101000111011000010
00000100000001100110011100000110
00000100000001100011111110000011
00000100000001100101111110001011
00000100000001101000011110011101
00000100000001101010101101111110
00000100000001101100101010010011
00000100000001101110010010111101
00000100000001101111111001111011
00000100000001110001100001011100
00000100000001110011001000101010
00000100000001110100011100011011
00000100000001110101101101011011
00000100000001110110111100111111
00000100000001110111111000010001
00000100000001111000101111101100
00000100000001111001100101001110
00000100000001111010011000100011
00000100000001111011001001011000
00000100000001111011100100110101
00000100000001111011111011011110
00000100000001111100001111100011
00000100000001111100100000101010
00000100000001111100101110100010
00000100000001111100111001110001
00000100000001111101000001101111
00000100000001111101000110110001
00000100000001111101001000101001
00000100000001111101000111011001
00000100000001111101000010111110
00000100000001111100111011011000
00000100000001111100110001000010
00000100000001111100100011010100
00000100000001111100010010111000
00000100000001111011111111100011
00000100000001111011101001011011
00000100000001111011010000100000
00000100000001111010100001111100
00000100000001111001101111001110
00000100000001111000111001111010
00000100000001111000000010111100
00000100000001110111001001111001
00000100000001110101111100100100
00000100000001110100101011101111
00000100000001110011011010000011
00000100000001110001110100111101
00000100000001110000001101011010
00000100000001101110100110001110
00000100000001101100111111100110
00000100000001101011000110111111
00000100000001101000111011000010
00000100000001100110011100000110
00000100000001100011111110000011
00000100000001100101111110001011
00000100000001101000011110011101
00000100000001101010101101111110
00000100000001101100101010010011
00000100000001101110010010111101
00000100000001101111111001111011
00000100000001110001100001011100
00000100000001110011001000101010
00000100000001110100011100011011
00000100000001110101101101011011
00000100000001110110111100111111
00000100000001110111111000010001
00000100000001111000101111101100
00000100000001111001100101001110
00000100000001111010011000100011
00000100000001111011001001011000
00000100000001111011100100110101
00000100000001111011111011011110
00000100000001111100001111100011
00000100000001111100100000101010
00000100000001111100101110100010
00000100000001111100111001110001
00000100000001111101000001101111
00000100000001111101000110110001
00000100000001111101001000101001
00000100000001111101000111011001
00000100000001111101000010111110
00000100000001111100111011011000
00000100000001111100110001000010
00000100000001111100100011010100
00000100000001111100010010111000
00000100000001111011111111100011
00000100000001111011101001011011
00000100000001111011010000100000
00000100000001111010100001111100
00000100000001111001101111001110
00000100000001111000111001111010
00000100000001111000000010111100
00000100000001110111001001111001
00000100000001110101111100100100
00000100000001110100101011101111
00000100000001110011011010000011
00000100000001110001110100111101
00000100000001110000001101011010
00000100000001101110100110001110
00000100000001101100111111100110
00000100000001101011000110111111
00000100000001101000111011000010
00000100000001100110011100000110
00000100000001100011111110000011
00000100000001100101111110001011
00000100000001101000011110011101
00000100000001101010101101111110
00000100000001101100101010010011
00000100000001101110010010111101
00000100000001101111111001111011
00000100000001110001100001011100
00000100000001110011001000101010
00000100000001110100011100011011
00000100000001110101101101011011
00000100000001110110111100111111
00000100000001110111111000010001
00000100000001111000101111101100
00000100000001111001100101001110
00000100000001111010011000100011
00000100000001111011001001011000
00000100000001111011100100110101
00000100000001111011111011011110
00000100000001111100001111100011
00000100000001111100100000101010
00000100000001111100101110100010
00000100000001111100111001110001
00000100000001111101000001101111
00000100000001111101000110110001
00000100000001111101001000101001
00000100000001111101000111011001
00000100000001111101000010111110
00000100000001111100111011011000
00000100000001111100110001000010
00000100000001111100100011010100
00000100000001111100010010111000
00000100000001111011111111100011
00000100000001111011101001011011
00000100000001111011010000100000
00000100000001111010100001111100
00000100000001111001101111001110
00000100000001111000111001111010
00000100000001111000000010111100
00000100000001110111001001111001
00000100000001110101111100100100
00000100000001110100101011101111
00000100000001110011011010000011
00000100000001110001110100111101
00000100000001110000001101011010
00000100000001101110100110001110
00000100000001101100111111100110
00000100000001101011000110111111
00000100000001101000111011000010
00000100000001100110011100000110
00000100000001100011111110000011
00000100000001100101111110001011
00000100000001101000011110011101
00000100000001101010101101111110
00000100000001101100101010010011
00000100000001101110010010111101
00000100000001101111111001111011
00000100000001110001100001011100
00000100000001110011001000101010
00000100000001110100011100011011
00000100000001110101101101011011
00000100000001110110111100111111
00000100000001110111111000010001
00000100000001111000101111101100
00000100000001111001100101001110
00000100000001111010011000100011
00000100000001111011001001011000
00000100000001111011100100110101
00000100000001111011111011011110
00000100000001111100001111100011
00000100000001111100100000101010
00000100000001111100101110100010
00000100000001111100111001110001
00000100000001111101000001101111
00000100000001111101000110110001
00000100000001111101001000101001
00000100000001111101000111011001
00000100000001111101000010111110
00000100000001111100111011011000
00000100000001111100110001000010
00000100000001111100100011010100
00000100000001111100010010111000
00000100000001111011111111100011
00000100000001111011101001011011
00000100000001111011010000100000
00000100000001111010100001111100
00000100000001111001101111001110
00000100000001111000111001111010
00000100000001111000000010111100
00000100000001110111001001111001
00000100000001110101111100100100
00000100000001110100101011101111
00000100000001110011011010000011
00000100000001110001110100111101
00000100000001110000001101011010
00000100000001101110100110001110
00000100000001101100111111100110
00000100000001101011000110111111
00000100000001101000111011000010
00000100000001100110011100000110
00000100000001100011111110000011
00000100000001100101111110001011
00000100000001101000011110011101
00000100000001101010101101111110
00000100000001101100101010010011
00000100000001101110010010111101
00000100000001101111111001111011
00000100000001110001100001011100
00000100000001110011001000101010
00000100000001110100011100011011
00000100000001110101101101011011
00000100000001110110111100111111
00000100000001110111111000010001
00000100000001111000101111101100
00000100000001111001100101001110
00000100000001111010011000100011
00000100000001111011001001011000
00000100000001111011100100110101
00000100000001111011111011011110
00000100000001111100001111100011
00000100000001111100100000101010
00000100000001111100101110100010
00000100000001111100111001110001
00000100000001111101000001101111
00000100000001111101000110110001
00000100000001111101001000101001
00000100000001111101000111011001
00000100000001111101000010111110
00000100000001111100111011011000
00000100000001111100110001000010
00000100000001111100100011010100
00000100000001111100010010111000
00000100000001111011111111100011
00000100000001111011101001011011
00000100000001111011010000100000
00000100000001111010100001111100
00000100000001111001101111001110
00000100000001111000111001111010
00000100000001111000000010111100
00000100000001110111001001111001
00000100000001110101111100100100
00000100000001110100101011101111
00000100000001110011011010000011
00000100000001110001110100111101
00000100000001110000001101011010
00000100000001101110100110001110
00000100000001101100111111100110
00000100000001101011000110111111
00000100000001101000111011000010
00000100000001100110011100000110
00000100000001100011111110000011
00000100000001100101111110001011
00000100000001101000011110011101
00000100000001101010101101111110
00000100000001101100101010010011
00000100000001101110010010111101
00000100000001101111111001111011
00000100000001110001100001011100
00000100000001110011001000101010
00000100000001110100011100011011
00000100000001110101101101011011
00000100000001110110111100111111
00000100000001110111111000010001
00000100000001111000101111101100
00000100000001111001100101001110
00000100000001111010011000100011
00000100000001111011001001011000
00000100000001111011100100110101
00000100000001111011111011011110
00000100000001111100001111100011
00000100000001111100100000101010
00000100000001111100101110100010
00000100000001111100111001110001
00000100000001111101000001101111
00000100000001111101000110110001
00000100000001111101001000101001
00000100000001111101000111011001
00000100000001111101000010111110
00000100000001111100111011011000
00000100000001111100110001000010
00000100000001111100100011010100
00000100000001111100010010111000
00000100000001111011111111100011
00000100000001111011101001011011
00000100000001111011010000100000
00000100000001111010100001111100
00000100000001111001101111001110
00000100000001111000111001111010
00000100000001111000000010111100
00000100000001110111001001111001
00000100000001110101111100100100
00000100000001110100101011101111
00000100000001110011011010000011
00000100000001110001110100111101
00000100000001110000001101011010
00000100000001101110100110001110
00000100000001101100111111100110
00000100000001101011000110111111
00000100000001101000111011000010
00000100000001100110011100000110
00000100000001100011111110000011
00000100000001100101111110001011
00000100000001101000011110011101
00000100000001101010101101111110
00000100000001101100101010010011
00000100000001101110010010111101
00000100000001101111111001111011
00000100000001110001100001011100
00000100000001110011001000101010
00000100000001110100011100011011
00000100000001110101101101011011
00000100000001110110111100111111
00000100000001110111111000010001
00000100000001111000101111101100
00000100000001111001100101001110
00000100000001111010011000100011
00000100000001111011001001011000
00000100000001111011100100110101
00000100000001111011111011011110
00000100000001111100001111100011
00000100000001111100100000101010
00000100000001111100101110100010
00000100000001111100111001110001
00000100000001111101000001101111
00000100000001111101000110110001
00000100000001111101001000101001
00000100000001111101000111011001
00000100000001111101000010111110
00000100000001111100111011011000
00000100000001111100110001000010
00000100000001111100100011010100
00000100000001111100010010111000
00000100000001111011111111100011
00000100000001111011101001011011
00000100000001111011010000100000
00000100000001111010100001111100
00000100000001111001101111001110
00000100000001111000111001111010
00000100000001111000000010111100
00000100000001110111001001111001
00000100000001110101111100100100
00000100000001110100101011101111
00000100000001110011011010000011
00000100000001110001110100111101
00000100000001110000001101011010
00000100000001101110100110001110
00000100000001101100111111100110
00000100000001101011000110111111
00000100000001101000111011000010
00000100000001100110011100000110
00000100000001100011111110000011
00000100000001100101111110001011
00000100000001101000011110011101
00000100000001101010101101111110
00000100000001101100101010010011
00000100000001101110010010111101
00000100000001101111111001111011
00000100000001110001100001011100
00000100000001110011001000101010
00000100000001110100011100011011
00000100000001110101101101011011
00000100000001110110111100111111
00000100000001110111111000010001
00000100000001111000101111101100
00000100000001111001100101001110
00000100000001111010011000100011
00000100000001111011001001011000
00000100000001111011100100110101
00000100000001111011111011011110
00000100000001111100001111100011
00000100000001111100100000101010
00000100000001111100101110100010
00000100000001111100111001110001
00000100000001111101000001101111
00000100000001111101000110110001
00000100000001111101001000101001
00000100000001111101000111011001
00000100000001111101000010111110
00000100000001111100111011011000
00000100000001111100110001000010
00000100000001111100100011010100
00000100000001111100010010111000
00000100000001111011111111100011
00000100000001111011101001011011
00000100000001111011010000100000
00000100000001111010100001111100
00000100000001111001101111001110
00000100000001111000111001111010
00000100000001111000000010111100
00000100000001110111001001111001
00000100000001110101111100100100
00000100000001110100101011101111
00000100000001110011011010000011
00000100000001110001110100111101
00000100000001110000001101011010
00000100000001101110100110001110
00000100000001101100111111100110
00000100000001101011000110111111
00000100000001101000111011000010
00000100000001100110011100000110
00000100000001100011111110000011
00000100000001100101111110001011
00000100000001101000011110011101
00000100000001101010101101111110
00000100000001101100101010010011
00000100000001101110010010111101
00000100000001101111111001111011
00000100000001110001100001011100
00000100000001110011001000101010
00000100000001110100011100011011
00000100000001110101101101011011
00000100000001110110111100111111
00000100000001110111111000010001
00000100000001111000101111101100
00000100000001111001100101001110
00000100000001111010011000100011
00000100000001111011001001011000
00000100000001111011100100110101
00000100000001111011111011011110
00000100000001111100001111100011
00000100000001111100100000101010
00000100000001111100101110100010
00000100000001111100111001110001
00000100000001111101000001101111
00000100000001111101000110110001
00000100000001111101001000101001
00000100000001111101000111011001
00000100000001111101000010111110
00000100000001111100111011011000
00000100000001111100110001000010
00000100000001111100100011010100
00000100000001111100010010111000
00000100000001111011111111100011
00000100000001111011101001011011
00000100000001111011010000100000
00000100000001111010100001111100
00000100000001111001101111001110
00000100000001111000111001111010
00000100000001111000000010111100
00000100000001110111001001111001
00000100000001110101111100100100
00000100000001110100101011101111
00000100000001110011011010000011
00000100000001110001110100111101
00000100000001110000001101011010
00000100000001101110100110001110
00000100000001101100111111100110
00000100000001101011000110111111
00000100000001101000111011000010
00000100000001100110011100000110
00000100000001100011111110000011
00000100000001100101111110001011
00000100000001101000011110011101
00000100000001101010101101111110
00000100000001101100101010010011
00000100000001101110010010111101
00000100000001101111111001111011
00000100000001110001100001011100
00000100000001110011001000101010
00000100000001110100011100011011
00000100000001110101101101011011
00000100000001110110111100111111
00000100000001110111111000010001
00000100000001111000101111101100
00000100000001111001100101001110
00000100000001111010011000100011
00000100000001111011001001011000
00000100000001111011100100110101
00000100000001111011111011011110
00000100000001111100001111100011
00000100000001111100100000101010
00000100000001111100101110100010
00000100000001111100111001110001
00000100000001111101000001101111
00000100000001111101000110110001
00000100000001111101001000101001
00000100000001111101000111011001
00000100000001111101000010111110
00000100000001111100111011011000
00000100000001111100110001000010
00000100000001111100100011010100
00000100000001111100010010111000
00000100000001111011111111100011
00000100000001111011101001011011
00000100000001111011010000100000
00000100000001111010100001111100
00000100000001111001101111001110
00000100000001111000111001111010
00000100000001111000000010111100
00000100000001110111001001111001
00000100000001110101111100100100
00000100000001110100101011101111
00000100000001110011011010000011
00000100000001110001110100111101
00000100000001110000001101011010
00000100000001101110100110001110
00000100000001101100111111100110
00000100000001101011000110111111
00000100000001101000111011000010
00000100000001100110011100000110
00000100000001100011111110000011
00000100000001100101111110001011
00000100000001101000011110011101
00000100000001101010101101111110
00000100000001101100101010010011
00000100000001101110010010111101
00000100000001101111111001111011
00000100000001110001100001011100
00000100000001110011001000101010
00000100000001110100011100011011
00000100000001110101101101011011
00000100000001110110111100111111
00000100000001110111111000010001
00000100000001111000101111101100
00000100000001111001100101001110
00000100000001111010011000100011
00000100000001111011001001011000
00000100000001111011100100110101
00000100000001111011111011011110
00000100000001111100001111100011
00000100000001111100100000101010
00000100000001111100101110100010
00000100000001111100111001110001
00000100000001111101000001101111
00000100000001111101000110110001
00000100000001111101001000101001
00000100000001111101000111011001
00000100000001111101000010111110
00000100000001111100111011011000
00000100000001111100110001000010
00000100000001111100100011010100
00000100000001111100010010111000
00000100000001111011111111100011
00000100000001111011101001011011
00000100000001111011010000100000
00000100000001111010100001111100
00000100000001111001101111001110
00000100000001111000111001111010
00000100000001111000000010111100
00000100000001110111001001111001
00000100000001110101111100100100
00000100000001110100101011101111
00000100000001110011011010000011
00000100000001110001110100111101
00000100000001110000001101011010
00000100000001101110100110001110
00000100000001101100111111100110
00000100000001101011000110111111
00000100000001101000111011000010
00000100000001100110011100000110
00000100000001100011111110000011
00000100000001100101111110001011
00000100000001101000011110011101
00000100000001101010101101111110
00000100000001101100101010010011
00000100000001101110010010111101
00000100000001101111111001111011
00000100000001110001100001011100
00000100000001110011001000101010
00000100000001110100011100011011
00000100000001110101101101011011
00000100000001110110111100111111
00000100000001110111111000010001
00000100000001111000101111101100
00000100000001111001100101001110
00000100000001111010011000100011
00000100000001111011001001011000
00000100000001111011100100110101
00000100000001111011111011011110
00000100000001111100001111100011
00000100000001111100100000101010
00000100000001111100101110100010
00000100000001111100111001110001
00000100000001111101000001101111
00000100000001111101000110110001
00000100000001111101001000101001
00000100000001111101000111011001
00000100000001111101000010111110
00000100000001111100111011011000
00000100000001111100110001000010
00000100000001111100100011010100
00000100000001111100010010111000
00000100000001111011111111100011
00000100000001111011101001011011
00000100000001111011010000100000
00000100000001111010100001111100
00000100000001111001101111001110
00000100000001111000111001111010
00000100000001111000000010111100
00000100000001110111001001111001
00000100000001110101111100100100
00000100000001110100101011101111
00000100000001110011011010000011
00000100000001110001110100111101
00000100000001110000001101011010
00000100000001101110100110001110
00000100000001101100111111100110
00000100000001101011000110111111
00000100000001101000111011000010
00000100000001100110011100000110
00000100000001100011111110000011
00000100000001100101111110001011
00000100000001101000011110011101
00000100000001101010101101111110
00000100000001101100101010010011
00000100000001101110010010111101
00000100000001101111111001111011
00000100000001110001100001011100
00000100000001110011001000101010
00000100000001110100011100011011
00000100000001110101101101011011
00000100000001110110111100111111
00000100000001110111111000010001
00000100000001111000101111101100
00000100000001111001100101001110
00000100000001111010011000100011
00000100000001111011001001011000
00000100000001111011100100110101
00000100000001111011111011011110
00000100000001111100001111100011
00000100000001111100100000101010
00000100000001111100101110100010
00000100000001111100111001110001
00000100000001111101000001101111
00000100000001111101000110110001
00000100000001111101001000101001
00000100000001111101000111011001
00000100000001111101000010111110
00000100000001111100111011011000
00000100000001111100110001000010
00000100000001111100100011010100
00000100000001111100010010111000
00000100000001111011111111100011
00000100000001111011101001011011
00000100000001111011010000100000
00000100000001111010100001111100
00000100000001111001101111001110
00000100000001111000111001111010
00000100000001111000000010111100
00000100000001110111001001111001
00000100000001110101111100100100
00000100000001110100101011101111
00000100000001110011011010000011
00000100000001110001110100111101
00000100000001110000001101011010
00000100000001101110100110001110
00000100000001101100111111100110
00000100000001101011000110111111
00000100000001101000111011000010
00000100000001100110011100000110
00000100000001100011111110000011
00000100000001100101111110001011
00000100000001101000011110011101
00000100000001101010101101111110
00000100000001101100101010010011
00000100000001101110010010111101
00000100000001101111111001111011
00000100000001110001100001011100
00000100000001110011001000101010
00000100000001110100011100011011
00000100000001110101101101011011
00000100000001110110111100111111
00000100000001110111111000010001
00000100000001111000101111101100
00000100000001111001100101001110
00000100000001111010011000100011
00000100000001111011001001011000
00000100000001111011100100110101
00000100000001111011111011011110
00000100000001111100001111100011
00000100000001111100100000101010
00000100000001111100101110100010
00000100000001111100111001110001
00000100000001111101000001101111
00000100000001111101000110110001
00000100000001111101001000101001
00000100000001111101000111011001
00000100000001111101000010111110
00000100000001111100111011011000
00000100000001111100110001000010
00000100000001111100100011010100
00000100000001111100010010111000
00000100000001111011111111100011
00000100000001111011101001011011
00000100000001111011010000100000
00000100000001111010100001111100
00000100000001111001101111001110
00000100000001111000111001111010
00000100000001111000000010111100
00000100000001110111001001111001
00000100000001110101111100100100
00000100000001110100101011101111
00000100000001110011011010000011
00000100000001110001110100111101
00000100000001110000001101011010
00000100000001101110100110001110
00000100000001101100111111100110
00000100000001101011000110111111
00000100000001101000111011000010
00000100000001100110011100000110
00000100000001100011111110000011
00000100000001100101111110001011
00000100000001101000011110011101
00000100000001101010101101111110
00000100000001101100101010010011
00000100000001101110010010111101
00000100000001101111111001111011
00000100000001110001100001011100
00000100000001110011001000101010
00000100000001110100011100011011
00000100000001110101101101011011
00000100000001110110111100111111
00000100000001110111111000010001
00000100000001111000101111101100
00000100000001111001100101001110
00000100000001111010011000100011
00000100000001111011001001011000
00000100000001111011100100110101
00000100000001111011111011011110
00000100000001111100001111100011
00000100000001111100100000101010
00000100000001111100101110100010
00000100000001111100111001110001
00000100000001111101000001101111
00000100000001111101000110110001
00000100000001111101001000101001
00000100000001111101000111011001
00000100000001111101000010111110
00000100000001111100111011011000
00000100000001111100110001000010
00000100000001111100100011010100
00000100000001111100010010111000
00000100000001111011111111100011
00000100000001111011101001011011
00000100000001111011010000100000
00000100000001111010100001111100
00000100000001111001101111001110
00000100000001111000111001111010
00000100000001111000000010111100
00000100000001110111001001111001
00000100000001110101111100100100
00000100000001110100101011101111
00000100000001110011011010000011
00000100000001110001110100111101
00000100000001110000001101011010
00000100000001101110100110001110
00000100000001101100111111100110
00000100000001101011000110111111
00000100000001101000111011000010
00000100000001100110011100000110
00000100000001100011111110000011
00000100000001100101111110001011
00000100000001101000011110011101
00000100000001101010101101111110
00000100000001101100101010010011
00000100000001101110010010111101
00000100000001101111111001111011
00000100000001110001100001011100
00000100000001110011001000101010
00000100000001110100011100011011
00000100000001110101101101011011
00000100000001110110111100111111
00000100000001110111111000010001
00000100000001111000101111101100
00000100000001111001100101001110
00000100000001111010011000100011
00000100000001111011001001011000
00000100000001111011100100110101
00000100000001111011111011011110
00000100000001111100001111100011
00000100000001111100100000101010
00000100000001111100101110100010
00000100000001111100111001110001
00000100000001111101000001101111
00000100000001111101000110110001
00000100000001111101001000101001
00000100000001111101000111011001
00000100000001111101000010111110
00000100000001111100111011011000
00000100000001111100110001000010
00000100000001111100100011010100
00000100000001111100010010111000
00000100000001111011111111100011
00000100000001111011101001011011
00000100000001111011010000100000
00000100000001111010100001111100
00000100000001111001101111001110
00000100000001111000111001111010
00000100000001111000000010111100
00000100000001110111001001111001
00000100000001110101111100100100
00000100000001110100101011101111
00000100000001110011011010000011
00000100000001110001110100111101
00000100000001110000001101011010
00000100000001101110100110001110
00000100000001101100111111100110
00000100000001101011000110111111
00000100000001101000111011000010
00000100000001100110011100000110
00000100000001100011111110000011
00000100000001100101111110001011
00000100000001101000011110011101
00000100000001101010101101111110
00000100000001101100101010010011
00000100000001101110010010111101
00000100000001101111111001111011
00000100000001110001100001011100
00000100000001110011001000101010
00000100000001110100011100011011
00000100000001110101101101011011
00000100000001110110111100111111
00000100000001110111111000010001
00000100000001111000101111101100
00000100000001111001100101001110
00000100000001111010011000100011
00000100000001111011001001011000
00000100000001111011100100110101
00000100000001111011111011011110
00000100000001111100001111100011
00000100000001111100100000101010
00000100000001111100101110100010
00000100000001111100111001110001
00000100000001111101000001101111
00000100000001111101000110110001
00000100000001111101001000101001
00000100000001111101000111011001
00000100000001111101000010111110
00000100000001111100111011011000
00000100000001111100110001000010
00000100000001111100100011010100
00000100000001111100010010111000
00000100000001111011111111100011
00000100000001111011101001011011
00000100000001111011010000100000
00000100000001111010100001111100
00000100000001111001101111001110
00000100000001111000111001111010
00000100000001111000000010111100
00000100000001110111001001111001
00000100000001110101111100100100
00000100000001110100101011101111
00000100000001110011011010000011
00000100000001110001110100111101
00000100000001110000001101011010
00000100000001101110100110001110
00000100000001101100111111100110
00000100000001101011000110111111
00000100000001101000111011000010
00000100000001100110011100000110
00000100000001100011111110000011
00000100000001100101111110001011
00000100000001101000011110011101
00000100000001101010101101111110
00000100000001101100101010010011
00000100000001101110010010111101
00000100000001101111111001111011
00000100000001110001100001011100
00000100000001110011001000101010
00000100000001110100011100011011
00000100000001110101101101011011
00000100000001110110111100111111
00000100000001110111111000010001
00000100000001111000101111101100
00000100000001111001100101001110
00000100000001111010011000100011
00000100000001111011001001011000
00000100000001111011100100110101
00000100000001111011111011011110
00000100000001111100001111100011
00000100000001111100100000101010
00000100000001111100101110100010
00000100000001111100111001110001
00000100000001111101000001101111
00000100000001111101000110110001
00000100000001111101001000101001
00000100000001111101000111011001
00000100000001111101000010111110
00000100000001111100111011011000
00000100000001111100110001000010
00000100000001111100100011010100
00000100000001111100010010111000
00000100000001111011111111100011
00000100000001111011101001011011
00000100000001111011010000100000
00000100000001111010100001111100
00000100000001111001101111001110
00000100000001111000111001111010
00000100000001111000000010111100
00000100000001110111001001111001
