0000000000000010
0000010101101000
0000101011001000
0001000000011101
0001010101100001
0001101010010001
0001111110100101
0010010010011001
0010100101101001
0010111000001110
0011001010000101
0011011011001001
0011101011010110
0011111010100111
0100001000111001
0100010110001000
0100100010010000
0100101101010000
0100110111000011
0100111111101000
0101000110111100
0101001100111101
0101010001101011
0101010101000011
0101010111000101
0101010111110000
0101010111000100
0101010101000010
0101010001101010
0101001100111100
0101000110111011
0100111111100110
0100110111000001
0100101101001110
0100100010001110
0100010110000101
0100001000110110
0011111010100100
0011101011010010
0011011011000110
0011001010000001
0010111000001010
0010100101100101
0010010010010101
0001111110100001
0001101010001100
0001010101011101
0001000000011000
0000101011000011
0000010101100011
1111111111111110
1111101010011000
1111010100111000
1110111111100011
1110101010011111
1110010101101111
1110000001011011
1101101101100111
1101011010010111
1101000111110010
1100110101111011
1100100100110111
1100010100101010
1100000101011001
1011110111000111
1011101001111000
1011011101110000
1011010010110000
1011001000111101
1011000000011000
1010111001000100
1010110011000011
1010101110010101
1010101010111101
1010101000111011
1010101000010000
1010101000111100
1010101010111110
1010101110010110
1010110011000100
1010111001000101
1011000000011010
1011001000111111
1011010010110010
1011011101110010
1011101001111011
1011110111001010
1100000101011100
1100010100101110
1100100100111010
1100110101111111
1101000111110110
1101011010011011
1101101101101011
1110000001011111
1110010101110100
1110101010100011
1110111111101000
1111010100111101
1111101010011101
0000000000000010
0000010101101000
0000101011001000
0001000000011101
0001010101100001
0001101010010001
0001111110100101
0010010010011001
0010100101101001
0010111000001110
0011001010000101
0011011011001001
0011101011010110
0011111010100111
0100001000111001
0100010110001000
0100100010010000
0100101101010000
0100110111000011
0100111111101000
0101000110111100
0101001100111101
0101010001101011
0101010101000011
0101010111000101
0101010111110000
0101010111000100
0101010101000010
0101010001101010
0101001100111100
0101000110111011
0100111111100110
0100110111000001
0100101101001110
0100100010001110
0100010110000101
0100001000110110
0011111010100100
0011101011010010
0011011011000110
0011001010000001
0010111000001010
0010100101100101
0010010010010101
0001111110100001
0001101010001100
0001010101011101
0001000000011000
0000101011000011
0000010101100011
1111111111111110
1111101010011000
1111010100111000
1110111111100011
1110101010011111
1110010101101111
1110000001011011
1101101101100111
1101011010010111
1101000111110010
1100110101111011
1100100100110111
1100010100101010
1100000101011001
1011110111000111
1011101001111000
1011011101110000
1011010010110000
1011001000111101
1011000000011000
1010111001000100
1010110011000011
1010101110010101
1010101010111101
1010101000111011
1010101000010000
1010101000111100
1010101010111110
1010101110010110
1010110011000100
1010111001000101
1011000000011010
1011001000111111
1011010010110010
1011011101110010
1011101001111011
1011110111001010
1100000101011100
1100010100101110
1100100100111010
1100110101111111
1101000111110110
1101011010011011
1101101101101011
1110000001011111
1110010101110100
1110101010100011
1110111111101000
1111010100111101
1111101010011101
0000000000000010
0000010101101000
0000101011001000
0001000000011101
0001010101100001
0001101010010001
0001111110100101
0010010010011001
0010100101101001
0010111000001110
0011001010000101
0011011011001001
0011101011010110
0011111010100111
0100001000111001
0100010110001000
0100100010010000
0100101101010000
0100110111000011
0100111111101000
0101000110111100
0101001100111101
0101010001101011
0101010101000011
0101010111000101
0101010111110000
0101010111000100
0101010101000010
0101010001101010
0101001100111100
0101000110111011
0100111111100110
0100110111000001
0100101101001110
0100100010001110
0100010110000101
0100001000110110
0011111010100100
0011101011010010
0011011011000110
0011001010000001
0010111000001010
0010100101100101
0010010010010101
0001111110100001
0001101010001100
0001010101011101
0001000000011000
0000101011000011
0000010101100011
1111111111111110
1111101010011000
1111010100111000
1110111111100011
1110101010011111
1110010101101111
1110000001011011
1101101101100111
1101011010010111
1101000111110010
1100110101111011
1100100100110111
1100010100101010
1100000101011001
1011110111000111
1011101001111000
1011011101110000
1011010010110000
1011001000111101
1011000000011000
1010111001000100
1010110011000011
1010101110010101
1010101010111101
1010101000111011
1010101000010000
1010101000111100
1010101010111110
1010101110010110
1010110011000100
1010111001000101
1011000000011010
1011001000111111
1011010010110010
1011011101110010
1011101001111011
1011110111001010
1100000101011100
1100010100101110
1100100100111010
1100110101111111
1101000111110110
1101011010011011
1101101101101011
1110000001011111
1110010101110100
1110101010100011
1110111111101000
1111010100111101
1111101010011101
0000000000000010
0000010101101000
0000101011001000
0001000000011101
0001010101100001
0001101010010001
0001111110100101
0010010010011001
0010100101101001
0010111000001110
0011001010000101
0011011011001001
0011101011010110
0011111010100111
0100001000111001
0100010110001000
0100100010010000
0100101101010000
0100110111000011
0100111111101000
0101000110111100
0101001100111101
0101010001101011
0101010101000011
0101010111000101
0101010111110000
0101010111000100
0101010101000010
0101010001101010
0101001100111100
0101000110111011
0100111111100110
0100110111000001
0100101101001110
0100100010001110
0100010110000101
0100001000110110
0011111010100100
0011101011010010
0011011011000110
0011001010000001
0010111000001010
0010100101100101
0010010010010101
0001111110100001
0001101010001100
0001010101011101
0001000000011000
0000101011000011
0000010101100011
1111111111111110
1111101010011000
1111010100111000
1110111111100011
1110101010011111
1110010101101111
1110000001011011
1101101101100111
1101011010010111
1101000111110010
1100110101111011
1100100100110111
1100010100101010
1100000101011001
1011110111000111
1011101001111000
1011011101110000
1011010010110000
1011001000111101
1011000000011000
1010111001000100
1010110011000011
1010101110010101
1010101010111101
1010101000111011
1010101000010000
1010101000111100
1010101010111110
1010101110010110
1010110011000100
1010111001000101
1011000000011010
1011001000111111
1011010010110010
1011011101110010
1011101001111011
1011110111001010
1100000101011100
1100010100101110
1100100100111010
1100110101111111
1101000111110110
1101011010011011
1101101101101011
1110000001011111
1110010101110100
1110101010100011
1110111111101000
1111010100111101
1111101010011101
0000000000000010
0000010101101000
0000101011001000
0001000000011101
0001010101100001
0001101010010001
0001111110100101
0010010010011001
0010100101101001
0010111000001110
0011001010000101
0011011011001001
0011101011010110
0011111010100111
0100001000111001
0100010110001000
0100100010010000
0100101101010000
0100110111000011
0100111111101000
0101000110111100
0101001100111101
0101010001101011
0101010101000011
0101010111000101
0101010111110000
0101010111000100
0101010101000010
0101010001101010
0101001100111100
0101000110111011
0100111111100110
0100110111000001
0100101101001110
0100100010001110
0100010110000101
0100001000110110
0011111010100100
0011101011010010
0011011011000110
0011001010000001
0010111000001010
0010100101100101
0010010010010101
0001111110100001
0001101010001100
0001010101011101
0001000000011000
0000101011000011
0000010101100011
1111111111111110
1111101010011000
1111010100111000
1110111111100011
1110101010011111
1110010101101111
1110000001011011
1101101101100111
1101011010010111
1101000111110010
1100110101111011
1100100100110111
1100010100101010
1100000101011001
1011110111000111
1011101001111000
1011011101110000
1011010010110000
1011001000111101
1011000000011000
1010111001000100
1010110011000011
1010101110010101
1010101010111101
1010101000111011
1010101000010000
1010101000111100
1010101010111110
1010101110010110
1010110011000100
1010111001000101
1011000000011010
1011001000111111
1011010010110010
1011011101110010
1011101001111011
1011110111001010
1100000101011100
1100010100101110
1100100100111010
1100110101111111
1101000111110110
1101011010011011
1101101101101011
1110000001011111
1110010101110100
1110101010100011
1110111111101000
1111010100111101
1111101010011101
0000000000000010
0000010101101000
0000101011001000
0001000000011101
0001010101100001
0001101010010001
0001111110100101
0010010010011001
0010100101101001
0010111000001110
0011001010000101
0011011011001001
0011101011010110
0011111010100111
0100001000111001
0100010110001000
0100100010010000
0100101101010000
0100110111000011
0100111111101000
0101000110111100
0101001100111101
0101010001101011
0101010101000011
0101010111000101
0101010111110000
0101010111000100
0101010101000010
0101010001101010
0101001100111100
0101000110111011
0100111111100110
0100110111000001
0100101101001110
0100100010001110
0100010110000101
0100001000110110
0011111010100100
0011101011010010
0011011011000110
0011001010000001
0010111000001010
0010100101100101
0010010010010101
0001111110100001
0001101010001100
0001010101011101
0001000000011000
0000101011000011
0000010101100011
1111111111111110
1111101010011000
1111010100111000
1110111111100011
1110101010011111
1110010101101111
1110000001011011
1101101101100111
1101011010010111
1101000111110010
1100110101111011
1100100100110111
1100010100101010
1100000101011001
1011110111000111
1011101001111000
1011011101110000
1011010010110000
1011001000111101
1011000000011000
1010111001000100
1010110011000011
1010101110010101
1010101010111101
1010101000111011
1010101000010000
1010101000111100
1010101010111110
1010101110010110
1010110011000100
1010111001000101
1011000000011010
1011001000111111
1011010010110010
1011011101110010
1011101001111011
1011110111001010
1100000101011100
1100010100101110
1100100100111010
1100110101111111
1101000111110110
1101011010011011
1101101101101011
1110000001011111
1110010101110100
1110101010100011
1110111111101000
1111010100111101
1111101010011101
0000000000000010
0000010101101000
0000101011001000
0001000000011101
0001010101100001
0001101010010001
0001111110100101
0010010010011001
0010100101101001
0010111000001110
0011001010000101
0011011011001001
0011101011010110
0011111010100111
0100001000111001
0100010110001000
0100100010010000
0100101101010000
0100110111000011
0100111111101000
0101000110111100
0101001100111101
0101010001101011
0101010101000011
0101010111000101
0101010111110000
0101010111000100
0101010101000010
0101010001101010
0101001100111100
0101000110111011
0100111111100110
0100110111000001
0100101101001110
0100100010001110
0100010110000101
0100001000110110
0011111010100100
0011101011010010
0011011011000110
0011001010000001
0010111000001010
0010100101100101
0010010010010101
0001111110100001
0001101010001100
0001010101011101
0001000000011000
0000101011000011
0000010101100011
1111111111111110
1111101010011000
1111010100111000
1110111111100011
1110101010011111
1110010101101111
1110000001011011
1101101101100111
1101011010010111
1101000111110010
1100110101111011
1100100100110111
1100010100101010
1100000101011001
1011110111000111
1011101001111000
1011011101110000
1011010010110000
1011001000111101
1011000000011000
1010111001000100
1010110011000011
1010101110010101
1010101010111101
1010101000111011
1010101000010000
1010101000111100
1010101010111110
1010101110010110
1010110011000100
1010111001000101
1011000000011010
1011001000111111
1011010010110010
1011011101110010
1011101001111011
1011110111001010
1100000101011100
1100010100101110
1100100100111010
1100110101111111
1101000111110110
1101011010011011
1101101101101011
1110000001011111
1110010101110100
1110101010100011
1110111111101000
1111010100111101
1111101010011101
0000000000000010
0000010101101000
0000101011001000
0001000000011101
0001010101100001
0001101010010001
0001111110100101
0010010010011001
0010100101101001
0010111000001110
0011001010000101
0011011011001001
0011101011010110
0011111010100111
0100001000111001
0100010110001000
0100100010010000
0100101101010000
0100110111000011
0100111111101000
0101000110111100
0101001100111101
0101010001101011
0101010101000011
0101010111000101
0101010111110000
0101010111000100
0101010101000010
0101010001101010
0101001100111100
0101000110111011
0100111111100110
0100110111000001
0100101101001110
0100100010001110
0100010110000101
0100001000110110
0011111010100100
0011101011010010
0011011011000110
0011001010000001
0010111000001010
0010100101100101
0010010010010101
0001111110100001
0001101010001100
0001010101011101
0001000000011000
0000101011000011
0000010101100011
1111111111111110
1111101010011000
1111010100111000
1110111111100011
1110101010011111
1110010101101111
1110000001011011
1101101101100111
1101011010010111
1101000111110010
1100110101111011
1100100100110111
1100010100101010
1100000101011001
1011110111000111
1011101001111000
1011011101110000
1011010010110000
1011001000111101
1011000000011000
1010111001000100
1010110011000011
1010101110010101
1010101010111101
1010101000111011
1010101000010000
1010101000111100
1010101010111110
1010101110010110
1010110011000100
1010111001000101
1011000000011010
1011001000111111
1011010010110010
1011011101110010
1011101001111011
1011110111001010
1100000101011100
1100010100101110
1100100100111010
1100110101111111
1101000111110110
1101011010011011
1101101101101011
1110000001011111
1110010101110100
1110101010100011
1110111111101000
1111010100111101
1111101010011101
0000000000000010
0000010101101000
0000101011001000
0001000000011101
0001010101100001
0001101010010001
0001111110100101
0010010010011001
0010100101101001
0010111000001110
0011001010000101
0011011011001001
0011101011010110
0011111010100111
0100001000111001
0100010110001000
0100100010010000
0100101101010000
0100110111000011
0100111111101000
0101000110111100
0101001100111101
0101010001101011
0101010101000011
0101010111000101
0101010111110000
0101010111000100
0101010101000010
0101010001101010
0101001100111100
0101000110111011
0100111111100110
0100110111000001
0100101101001110
0100100010001110
0100010110000101
0100001000110110
0011111010100100
0011101011010010
0011011011000110
0011001010000001
0010111000001010
0010100101100101
0010010010010101
0001111110100001
0001101010001100
0001010101011101
0001000000011000
0000101011000011
0000010101100011
1111111111111110
1111101010011000
1111010100111000
1110111111100011
1110101010011111
1110010101101111
1110000001011011
1101101101100111
1101011010010111
1101000111110010
1100110101111011
1100100100110111
1100010100101010
1100000101011001
1011110111000111
1011101001111000
1011011101110000
1011010010110000
1011001000111101
1011000000011000
1010111001000100
1010110011000011
1010101110010101
1010101010111101
1010101000111011
1010101000010000
1010101000111100
1010101010111110
1010101110010110
1010110011000100
1010111001000101
1011000000011010
1011001000111111
1011010010110010
1011011101110010
1011101001111011
1011110111001010
1100000101011100
1100010100101110
1100100100111010
1100110101111111
1101000111110110
1101011010011011
1101101101101011
1110000001011111
1110010101110100
1110101010100011
1110111111101000
1111010100111101
1111101010011101
0000000000000010
0000010101101000
0000101011001000
0001000000011101
0001010101100001
0001101010010001
0001111110100101
0010010010011001
0010100101101001
0010111000001110
0011001010000101
0011011011001001
0011101011010110
0011111010100111
0100001000111001
0100010110001000
0100100010010000
0100101101010000
0100110111000011
0100111111101000
0101000110111100
0101001100111101
0101010001101011
0101010101000011
0101010111000101
0101010111110000
0101010111000100
0101010101000010
0101010001101010
0101001100111100
0101000110111011
0100111111100110
0100110111000001
0100101101001110
0100100010001110
0100010110000101
0100001000110110
0011111010100100
0011101011010010
0011011011000110
0011001010000001
0010111000001010
0010100101100101
0010010010010101
0001111110100001
0001101010001100
0001010101011101
0001000000011000
0000101011000011
0000010101100011
1111111111111110
1111101010011000
1111010100111000
1110111111100011
1110101010011111
1110010101101111
1110000001011011
1101101101100111
1101011010010111
1101000111110010
1100110101111011
1100100100110111
1100010100101010
1100000101011001
1011110111000111
1011101001111000
1011011101110000
1011010010110000
1011001000111101
1011000000011000
1010111001000100
1010110011000011
1010101110010101
1010101010111101
1010101000111011
1010101000010000
1010101000111100
1010101010111110
1010101110010110
1010110011000100
1010111001000101
1011000000011010
1011001000111111
1011010010110010
1011011101110010
1011101001111011
1011110111001010
1100000101011100
1100010100101110
1100100100111010
1100110101111111
1101000111110110
1101011010011011
1101101101101011
1110000001011111
1110010101110100
1110101010100011
1110111111101000
1111010100111101
1111101010011101
0000000000000010
0000010101101000
0000101011001000
0001000000011101
0001010101100001
0001101010010001
0001111110100101
0010010010011001
0010100101101001
0010111000001110
0011001010000101
0011011011001001
0011101011010110
0011111010100111
0100001000111001
0100010110001000
0100100010010000
0100101101010000
0100110111000011
0100111111101000
0101000110111100
0101001100111101
0101010001101011
0101010101000011
0101010111000101
0101010111110000
0101010111000100
0101010101000010
0101010001101010
0101001100111100
0101000110111011
0100111111100110
0100110111000001
0100101101001110
0100100010001110
0100010110000101
0100001000110110
0011111010100100
0011101011010010
0011011011000110
0011001010000001
0010111000001010
0010100101100101
0010010010010101
0001111110100001
0001101010001100
0001010101011101
0001000000011000
0000101011000011
0000010101100011
1111111111111110
1111101010011000
1111010100111000
1110111111100011
1110101010011111
1110010101101111
1110000001011011
1101101101100111
1101011010010111
1101000111110010
1100110101111011
1100100100110111
1100010100101010
1100000101011001
1011110111000111
1011101001111000
1011011101110000
1011010010110000
1011001000111101
1011000000011000
1010111001000100
1010110011000011
1010101110010101
1010101010111101
1010101000111011
1010101000010000
1010101000111100
1010101010111110
1010101110010110
1010110011000100
1010111001000101
1011000000011010
1011001000111111
1011010010110010
1011011101110010
1011101001111011
1011110111001010
1100000101011100
1100010100101110
1100100100111010
1100110101111111
1101000111110110
1101011010011011
1101101101101011
1110000001011111
1110010101110100
1110101010100011
1110111111101000
1111010100111101
1111101010011101
0000000000000010
0000010101101000
0000101011001000
0001000000011101
0001010101100001
0001101010010001
0001111110100101
0010010010011001
0010100101101001
0010111000001110
0011001010000101
0011011011001001
0011101011010110
0011111010100111
0100001000111001
0100010110001000
0100100010010000
0100101101010000
0100110111000011
0100111111101000
0101000110111100
0101001100111101
0101010001101011
0101010101000011
0101010111000101
0101010111110000
0101010111000100
0101010101000010
0101010001101010
0101001100111100
0101000110111011
0100111111100110
0100110111000001
0100101101001110
0100100010001110
0100010110000101
0100001000110110
0011111010100100
0011101011010010
0011011011000110
0011001010000001
0010111000001010
0010100101100101
0010010010010101
0001111110100001
0001101010001100
0001010101011101
0001000000011000
0000101011000011
0000010101100011
1111111111111110
1111101010011000
1111010100111000
1110111111100011
1110101010011111
1110010101101111
1110000001011011
1101101101100111
1101011010010111
1101000111110010
1100110101111011
1100100100110111
1100010100101010
1100000101011001
1011110111000111
1011101001111000
1011011101110000
1011010010110000
1011001000111101
1011000000011000
1010111001000100
1010110011000011
1010101110010101
1010101010111101
1010101000111011
1010101000010000
1010101000111100
1010101010111110
1010101110010110
1010110011000100
1010111001000101
1011000000011010
1011001000111111
1011010010110010
1011011101110010
1011101001111011
1011110111001010
1100000101011100
1100010100101110
1100100100111010
1100110101111111
1101000111110110
1101011010011011
1101101101101011
1110000001011111
1110010101110100
1110101010100011
1110111111101000
1111010100111101
1111101010011101
0000000000000010
0000010101101000
0000101011001000
0001000000011101
0001010101100001
0001101010010001
0001111110100101
0010010010011001
0010100101101001
0010111000001110
0011001010000101
0011011011001001
0011101011010110
0011111010100111
0100001000111001
0100010110001000
0100100010010000
0100101101010000
0100110111000011
0100111111101000
0101000110111100
0101001100111101
0101010001101011
0101010101000011
0101010111000101
0101010111110000
0101010111000100
0101010101000010
0101010001101010
0101001100111100
0101000110111011
0100111111100110
0100110111000001
0100101101001110
0100100010001110
0100010110000101
0100001000110110
0011111010100100
0011101011010010
0011011011000110
0011001010000001
0010111000001010
0010100101100101
0010010010010101
0001111110100001
0001101010001100
0001010101011101
0001000000011000
0000101011000011
0000010101100011
1111111111111110
1111101010011000
1111010100111000
1110111111100011
1110101010011111
1110010101101111
1110000001011011
1101101101100111
1101011010010111
1101000111110010
1100110101111011
1100100100110111
1100010100101010
1100000101011001
1011110111000111
1011101001111000
1011011101110000
1011010010110000
1011001000111101
1011000000011000
1010111001000100
1010110011000011
1010101110010101
1010101010111101
1010101000111011
1010101000010000
1010101000111100
1010101010111110
1010101110010110
1010110011000100
1010111001000101
1011000000011010
1011001000111111
1011010010110010
1011011101110010
1011101001111011
1011110111001010
1100000101011100
1100010100101110
1100100100111010
1100110101111111
1101000111110110
1101011010011011
1101101101101011
1110000001011111
1110010101110100
1110101010100011
1110111111101000
1111010100111101
1111101010011101
0000000000000010
0000010101101000
0000101011001000
0001000000011101
0001010101100001
0001101010010001
0001111110100101
0010010010011001
0010100101101001
0010111000001110
0011001010000101
0011011011001001
0011101011010110
0011111010100111
0100001000111001
0100010110001000
0100100010010000
0100101101010000
0100110111000011
0100111111101000
0101000110111100
0101001100111101
0101010001101011
0101010101000011
0101010111000101
0101010111110000
0101010111000100
0101010101000010
0101010001101010
0101001100111100
0101000110111011
0100111111100110
0100110111000001
0100101101001110
0100100010001110
0100010110000101
0100001000110110
0011111010100100
0011101011010010
0011011011000110
0011001010000001
0010111000001010
0010100101100101
0010010010010101
0001111110100001
0001101010001100
0001010101011101
0001000000011000
0000101011000011
0000010101100011
1111111111111110
1111101010011000
1111010100111000
1110111111100011
1110101010011111
1110010101101111
1110000001011011
1101101101100111
1101011010010111
1101000111110010
1100110101111011
1100100100110111
1100010100101010
1100000101011001
1011110111000111
1011101001111000
1011011101110000
1011010010110000
1011001000111101
1011000000011000
1010111001000100
1010110011000011
1010101110010101
1010101010111101
1010101000111011
1010101000010000
1010101000111100
1010101010111110
1010101110010110
1010110011000100
1010111001000101
1011000000011010
1011001000111111
1011010010110010
1011011101110010
1011101001111011
1011110111001010
1100000101011100
1100010100101110
1100100100111010
1100110101111111
1101000111110110
1101011010011011
1101101101101011
1110000001011111
1110010101110100
1110101010100011
1110111111101000
1111010100111101
1111101010011101
0000000000000010
0000010101101000
0000101011001000
0001000000011101
0001010101100001
0001101010010001
0001111110100101
0010010010011001
0010100101101001
0010111000001110
0011001010000101
0011011011001001
0011101011010110
0011111010100111
0100001000111001
0100010110001000
0100100010010000
0100101101010000
0100110111000011
0100111111101000
0101000110111100
0101001100111101
0101010001101011
0101010101000011
0101010111000101
0101010111110000
0101010111000100
0101010101000010
0101010001101010
0101001100111100
0101000110111011
0100111111100110
0100110111000001
0100101101001110
0100100010001110
0100010110000101
0100001000110110
0011111010100100
0011101011010010
0011011011000110
0011001010000001
0010111000001010
0010100101100101
0010010010010101
0001111110100001
0001101010001100
0001010101011101
0001000000011000
0000101011000011
0000010101100011
1111111111111110
1111101010011000
1111010100111000
1110111111100011
1110101010011111
1110010101101111
1110000001011011
1101101101100111
1101011010010111
1101000111110010
1100110101111011
1100100100110111
1100010100101010
1100000101011001
1011110111000111
1011101001111000
1011011101110000
1011010010110000
1011001000111101
1011000000011000
1010111001000100
1010110011000011
1010101110010101
1010101010111101
1010101000111011
1010101000010000
1010101000111100
1010101010111110
1010101110010110
1010110011000100
1010111001000101
1011000000011010
1011001000111111
1011010010110010
1011011101110010
1011101001111011
1011110111001010
1100000101011100
1100010100101110
1100100100111010
1100110101111111
1101000111110110
1101011010011011
1101101101101011
1110000001011111
1110010101110100
1110101010100011
1110111111101000
1111010100111101
1111101010011101
