010000010001010000111010110
101111111011010111111101100
110000100011111100000101000
110000101001001101001000011
110000011111110111101010011
110000101001111001010011110
110000100000111011101010101
110000010001000100010000011
010000100001000101000011001
010000100111011111111101110
010000101001001001101000100
110000100010111001111111100
110000100101101000010011000
010000011011100100111101011
110000100100100011000100110
101111100000101010100010101
010000010000100110101101000
110000011110010101011111101
110000011100001010111010000
110000101010001001100100100
110000010101011001011110110
010000100000111100001011110
010000101010110011011010011
010000010010010100101111100
010000101011100110001100110
110000101011110000111011110
010000100101001011111101110
010000101001011000000111101
010000001110011100110011000
110000100100011101111010011
110000100100101000011100011
110000100000111010110000011
010000100011110110000000010
010000100100111101111011100
110000101000011010010111010
010000100110110111010010011
010000100111010101100001100
010000100010110111100111111
101111111100100000010010011
110000011011110011001001110
110000011101101010011101000
010000100001011011011100101
110000100110101000000010001
010000011010011010100010000
010000100110000110001100011
110000011110111011111110001
110000100001110011111101001
010000010001000111001100010
110000011011110101010100000
110000100101100010011000010
001111111010111111110110010
110000100110100010000110101
010000101001011011111111011
110000011000011101011111111
110000101001010111111010111
010000101001101110001110010
010000001110011001110100101
110000101010111011001010110
110000101010010000001100110
010000100111001011010010111
110000100111111110110100100
010000101000100110001101000
010000000110011011001111010
010000101011110111010101011
010000011000101111010011001
110000100000010011000001000
010000101010100101010110010
010000100011000010110000111
110000100110110110000011000
110000101010111010010010000
110000100010010101100011111
110000101000111111011000100
010000101011100110000111011
110000100101010010110000101
010000100000011100111000011
010000101000000100100010100
110000101001111011100011000
010000101011011101000011000
010000001100000011010100111
010000100100100111101111111
010000100111000001101101101
110000100111011000110001101
110000100110010110001001100
110000100100111101101111100
110000011000100100010111100
110000100011100001111101000
010000101010110110101111000
110000101000111001101000110
110000010101000001100000010
010000101100000011011011101
010000100000010010001111111
010000101000110101110101101
110000011010011101111010001
110000101100010101100101001
010000101011010011100101011
010000101011100000100001010
010000101011010100001010001
010000011110101110111010101
010000101100010000001100011
110000011101000010001110101
