0000000000000000
0000001011110001
0000010111100000
0000100011001001
0000101110101000
0000111001111100
0001000101000001
0001001111110101
0001011010010101
0001100100011110
0001101110001101
0001110111100001
0010000000010111
0010001000101100
0010010000011110
0010010111101100
0010011110010100
0010100100010100
0010101001101010
0010101110010101
0010110010010101
0010110101100111
0010111000001011
0010111010000001
0010111011001000
0010111011100000
0010111011001000
0010111010000001
0010111000001011
0010110101100111
0010110010010101
0010101110010101
0010101001101010
0010100100010100
0010011110010100
0010010111101100
0010010000011110
0010001000101100
0010000000010111
0001110111100001
0001101110001101
0001100100011110
0001011010010101
0001001111110101
0001000101000001
0000111001111100
0000101110101000
0000100011001001
0000010111100000
0000001011110001
0000000000000000
1111110100001111
1111101000100000
1111011100110111
1111010001011000
1111000110000100
1110111010111111
1110110000001011
1110100101101011
1110011011100010
1110010001110011
1110001000011111
1101111111101001
1101110111010100
1101101111100010
1101101000010100
1101100001101100
1101011011101100
1101010110010110
1101010001101011
1101001101101011
1101001010011001
1101000111110101
1101000101111111
1101000100111000
1101000100100000
1101000100111000
1101000101111111
1101000111110101
1101001010011001
1101001101101011
1101010001101011
1101010110010110
1101011011101100
1101100001101100
1101101000010100
1101101111100010
1101110111010100
1101111111101001
1110001000011111
1110010001110011
1110011011100010
1110100101101011
1110110000001011
1110111010111111
1111000110000100
1111010001011000
1111011100110111
1111101000100000
1111110100001111
0000000000000000
0000001011110001
0000010111100000
0000100011001001
0000101110101000
0000111001111100
0001000101000001
0001001111110101
0001011010010101
0001100100011110
0001101110001101
0001110111100001
0010000000010111
0010001000101100
0010010000011110
0010010111101100
0010011110010100
0010100100010100
0010101001101010
0010101110010101
0010110010010101
0010110101100111
0010111000001011
0010111010000001
0010111011001000
0010111011100000
0010111011001000
0010111010000001
0010111000001011
0010110101100111
0010110010010101
0010101110010101
0010101001101010
0010100100010100
0010011110010100
0010010111101100
0010010000011110
0010001000101100
0010000000010111
0001110111100001
0001101110001101
0001100100011110
0001011010010101
0001001111110101
0001000101000001
0000111001111100
0000101110101000
0000100011001001
0000010111100000
0000001011110001
0000000000000000
1111110100001111
1111101000100000
1111011100110111
1111010001011000
1111000110000100
1110111010111111
1110110000001011
1110100101101011
1110011011100010
1110010001110011
1110001000011111
1101111111101001
1101110111010100
1101101111100010
1101101000010100
1101100001101100
1101011011101100
1101010110010110
1101010001101011
1101001101101011
1101001010011001
1101000111110101
1101000101111111
1101000100111000
1101000100100000
1101000100111000
1101000101111111
1101000111110101
1101001010011001
1101001101101011
1101010001101011
1101010110010110
1101011011101100
1101100001101100
1101101000010100
1101101111100010
1101110111010100
1101111111101001
1110001000011111
1110010001110011
1110011011100010
1110100101101011
1110110000001011
1110111010111111
1111000110000100
1111010001011000
1111011100110111
1111101000100000
1111110100001111
0000000000000000
0000001011110001
0000010111100000
0000100011001001
0000101110101000
0000111001111100
0001000101000001
0001001111110101
0001011010010101
0001100100011110
0001101110001101
0001110111100001
0010000000010111
0010001000101100
0010010000011110
0010010111101100
0010011110010100
0010100100010100
0010101001101010
0010101110010101
0010110010010101
0010110101100111
0010111000001011
0010111010000001
0010111011001000
0010111011100000
0010111011001000
0010111010000001
0010111000001011
0010110101100111
0010110010010101
0010101110010101
0010101001101010
0010100100010100
0010011110010100
0010010111101100
0010010000011110
0010001000101100
0010000000010111
0001110111100001
0001101110001101
0001100100011110
0001011010010101
0001001111110101
0001000101000001
0000111001111100
0000101110101000
0000100011001001
0000010111100000
0000001011110001
0000000000000000
1111110100001111
1111101000100000
1111011100110111
1111010001011000
1111000110000100
1110111010111111
1110110000001011
1110100101101011
1110011011100010
1110010001110011
1110001000011111
1101111111101001
1101110111010100
1101101111100010
1101101000010100
1101100001101100
1101011011101100
1101010110010110
1101010001101011
1101001101101011
1101001010011001
1101000111110101
1101000101111111
1101000100111000
1101000100100000
1101000100111000
1101000101111111
1101000111110101
1101001010011001
1101001101101011
1101010001101011
1101010110010110
1101011011101100
1101100001101100
1101101000010100
1101101111100010
1101110111010100
1101111111101001
1110001000011111
1110010001110011
1110011011100010
1110100101101011
1110110000001011
1110111010111111
1111000110000100
1111010001011000
1111011100110111
1111101000100000
1111110100001111
0000000000000000
0000001011110001
0000010111100000
0000100011001001
0000101110101000
0000111001111100
0001000101000001
0001001111110101
0001011010010101
0001100100011110
0001101110001101
0001110111100001
0010000000010111
0010001000101100
0010010000011110
0010010111101100
0010011110010100
0010100100010100
0010101001101010
0010101110010101
0010110010010101
0010110101100111
0010111000001011
0010111010000001
0010111011001000
0010111011100000
0010111011001000
0010111010000001
0010111000001011
0010110101100111
0010110010010101
0010101110010101
0010101001101010
0010100100010100
0010011110010100
0010010111101100
0010010000011110
0010001000101100
0010000000010111
0001110111100001
0001101110001101
0001100100011110
0001011010010101
0001001111110101
0001000101000001
0000111001111100
0000101110101000
0000100011001001
0000010111100000
0000001011110001
0000000000000000
1111110100001111
1111101000100000
1111011100110111
1111010001011000
1111000110000100
1110111010111111
1110110000001011
1110100101101011
1110011011100010
1110010001110011
1110001000011111
1101111111101001
1101110111010100
1101101111100010
1101101000010100
1101100001101100
1101011011101100
1101010110010110
1101010001101011
1101001101101011
1101001010011001
1101000111110101
1101000101111111
1101000100111000
1101000100100000
1101000100111000
1101000101111111
1101000111110101
1101001010011001
1101001101101011
1101010001101011
1101010110010110
1101011011101100
1101100001101100
1101101000010100
1101101111100010
1101110111010100
1101111111101001
1110001000011111
1110010001110011
1110011011100010
1110100101101011
1110110000001011
1110111010111111
1111000110000100
1111010001011000
1111011100110111
1111101000100000
1111110100001111
0000000000000000
0000001011110001
0000010111100000
0000100011001001
0000101110101000
0000111001111100
0001000101000001
0001001111110101
0001011010010101
0001100100011110
0001101110001101
0001110111100001
0010000000010111
0010001000101100
0010010000011110
0010010111101100
0010011110010100
0010100100010100
0010101001101010
0010101110010101
0010110010010101
0010110101100111
0010111000001011
0010111010000001
0010111011001000
0010111011100000
0010111011001000
0010111010000001
0010111000001011
0010110101100111
0010110010010101
0010101110010101
0010101001101010
0010100100010100
0010011110010100
0010010111101100
0010010000011110
0010001000101100
0010000000010111
0001110111100001
0001101110001101
0001100100011110
0001011010010101
0001001111110101
0001000101000001
0000111001111100
0000101110101000
0000100011001001
0000010111100000
0000001011110001
0000000000000000
1111110100001111
1111101000100000
1111011100110111
1111010001011000
1111000110000100
1110111010111111
1110110000001011
1110100101101011
1110011011100010
1110010001110011
1110001000011111
1101111111101001
1101110111010100
1101101111100010
1101101000010100
1101100001101100
1101011011101100
1101010110010110
1101010001101011
1101001101101011
1101001010011001
1101000111110101
1101000101111111
1101000100111000
1101000100100000
1101000100111000
1101000101111111
1101000111110101
1101001010011001
1101001101101011
1101010001101011
1101010110010110
1101011011101100
1101100001101100
1101101000010100
1101101111100010
1101110111010100
1101111111101001
1110001000011111
1110010001110011
1110011011100010
1110100101101011
1110110000001011
1110111010111111
1111000110000100
1111010001011000
1111011100110111
1111101000100000
1111110100001111
0000000000000000
0000001011110001
0000010111100000
0000100011001001
0000101110101000
0000111001111100
0001000101000001
0001001111110101
0001011010010101
0001100100011110
0001101110001101
0001110111100001
0010000000010111
0010001000101100
0010010000011110
0010010111101100
0010011110010100
0010100100010100
0010101001101010
0010101110010101
0010110010010101
0010110101100111
0010111000001011
0010111010000001
0010111011001000
0010111011100000
0010111011001000
0010111010000001
0010111000001011
0010110101100111
0010110010010101
0010101110010101
0010101001101010
0010100100010100
0010011110010100
0010010111101100
0010010000011110
0010001000101100
0010000000010111
0001110111100001
0001101110001101
0001100100011110
0001011010010101
0001001111110101
0001000101000001
0000111001111100
0000101110101000
0000100011001001
0000010111100000
0000001011110001
0000000000000000
1111110100001111
1111101000100000
1111011100110111
1111010001011000
1111000110000100
1110111010111111
1110110000001011
1110100101101011
1110011011100010
1110010001110011
1110001000011111
1101111111101001
1101110111010100
1101101111100010
1101101000010100
1101100001101100
1101011011101100
1101010110010110
1101010001101011
1101001101101011
1101001010011001
1101000111110101
1101000101111111
1101000100111000
1101000100100000
1101000100111000
1101000101111111
1101000111110101
1101001010011001
1101001101101011
1101010001101011
1101010110010110
1101011011101100
1101100001101100
1101101000010100
1101101111100010
1101110111010100
1101111111101001
1110001000011111
1110010001110011
1110011011100010
1110100101101011
1110110000001011
1110111010111111
1111000110000100
1111010001011000
1111011100110111
1111101000100000
1111110100001111
0000000000000000
0000001011110001
0000010111100000
0000100011001001
0000101110101000
0000111001111100
0001000101000001
0001001111110101
0001011010010101
0001100100011110
0001101110001101
0001110111100001
0010000000010111
0010001000101100
0010010000011110
0010010111101100
0010011110010100
0010100100010100
0010101001101010
0010101110010101
0010110010010101
0010110101100111
0010111000001011
0010111010000001
0010111011001000
0010111011100000
0010111011001000
0010111010000001
0010111000001011
0010110101100111
0010110010010101
0010101110010101
0010101001101010
0010100100010100
0010011110010100
0010010111101100
0010010000011110
0010001000101100
0010000000010111
0001110111100001
0001101110001101
0001100100011110
0001011010010101
0001001111110101
0001000101000001
0000111001111100
0000101110101000
0000100011001001
0000010111100000
0000001011110001
0000000000000000
1111110100001111
1111101000100000
1111011100110111
1111010001011000
1111000110000100
1110111010111111
1110110000001011
1110100101101011
1110011011100010
1110010001110011
1110001000011111
1101111111101001
1101110111010100
1101101111100010
1101101000010100
1101100001101100
1101011011101100
1101010110010110
1101010001101011
1101001101101011
1101001010011001
1101000111110101
1101000101111111
1101000100111000
1101000100100000
1101000100111000
1101000101111111
1101000111110101
1101001010011001
1101001101101011
1101010001101011
1101010110010110
1101011011101100
1101100001101100
1101101000010100
1101101111100010
1101110111010100
1101111111101001
1110001000011111
1110010001110011
1110011011100010
1110100101101011
1110110000001011
1110111010111111
1111000110000100
1111010001011000
1111011100110111
1111101000100000
1111110100001111
0000000000000000
0000001011110001
0000010111100000
0000100011001001
0000101110101000
0000111001111100
0001000101000001
0001001111110101
0001011010010101
0001100100011110
0001101110001101
0001110111100001
0010000000010111
0010001000101100
0010010000011110
0010010111101100
0010011110010100
0010100100010100
0010101001101010
0010101110010101
0010110010010101
0010110101100111
0010111000001011
0010111010000001
0010111011001000
0010111011100000
0010111011001000
0010111010000001
0010111000001011
0010110101100111
0010110010010101
0010101110010101
0010101001101010
0010100100010100
0010011110010100
0010010111101100
0010010000011110
0010001000101100
0010000000010111
0001110111100001
0001101110001101
0001100100011110
0001011010010101
0001001111110101
0001000101000001
0000111001111100
0000101110101000
0000100011001001
0000010111100000
0000001011110001
0000000000000000
1111110100001111
1111101000100000
1111011100110111
1111010001011000
1111000110000100
1110111010111111
1110110000001011
1110100101101011
1110011011100010
1110010001110011
1110001000011111
1101111111101001
1101110111010100
1101101111100010
1101101000010100
1101100001101100
1101011011101100
1101010110010110
1101010001101011
1101001101101011
1101001010011001
1101000111110101
1101000101111111
1101000100111000
1101000100100000
1101000100111000
1101000101111111
1101000111110101
1101001010011001
1101001101101011
1101010001101011
1101010110010110
1101011011101100
1101100001101100
1101101000010100
1101101111100010
1101110111010100
1101111111101001
1110001000011111
1110010001110011
1110011011100010
1110100101101011
1110110000001011
1110111010111111
1111000110000100
1111010001011000
1111011100110111
1111101000100000
1111110100001111
0000000000000000
0000001011110001
0000010111100000
0000100011001001
0000101110101000
0000111001111100
0001000101000001
0001001111110101
0001011010010101
0001100100011110
0001101110001101
0001110111100001
0010000000010111
0010001000101100
0010010000011110
0010010111101100
0010011110010100
0010100100010100
0010101001101010
0010101110010101
0010110010010101
0010110101100111
0010111000001011
0010111010000001
0010111011001000
0010111011100000
0010111011001000
0010111010000001
0010111000001011
0010110101100111
0010110010010101
0010101110010101
0010101001101010
0010100100010100
0010011110010100
0010010111101100
0010010000011110
0010001000101100
0010000000010111
0001110111100001
0001101110001101
0001100100011110
0001011010010101
0001001111110101
0001000101000001
0000111001111100
0000101110101000
0000100011001001
0000010111100000
0000001011110001
0000000000000000
1111110100001111
1111101000100000
1111011100110111
1111010001011000
1111000110000100
1110111010111111
1110110000001011
1110100101101011
1110011011100010
1110010001110011
1110001000011111
1101111111101001
1101110111010100
1101101111100010
1101101000010100
1101100001101100
1101011011101100
1101010110010110
1101010001101011
1101001101101011
1101001010011001
1101000111110101
1101000101111111
1101000100111000
1101000100100000
1101000100111000
1101000101111111
1101000111110101
1101001010011001
1101001101101011
1101010001101011
1101010110010110
1101011011101100
1101100001101100
1101101000010100
1101101111100010
1101110111010100
1101111111101001
1110001000011111
1110010001110011
1110011011100010
1110100101101011
1110110000001011
1110111010111111
1111000110000100
1111010001011000
1111011100110111
1111101000100000
1111110100001111
0000000000000000
0000001011110001
0000010111100000
0000100011001001
0000101110101000
0000111001111100
0001000101000001
0001001111110101
0001011010010101
0001100100011110
0001101110001101
0001110111100001
0010000000010111
0010001000101100
0010010000011110
0010010111101100
0010011110010100
0010100100010100
0010101001101010
0010101110010101
0010110010010101
0010110101100111
0010111000001011
0010111010000001
0010111011001000
0010111011100000
0010111011001000
0010111010000001
0010111000001011
0010110101100111
0010110010010101
0010101110010101
0010101001101010
0010100100010100
0010011110010100
0010010111101100
0010010000011110
0010001000101100
0010000000010111
0001110111100001
0001101110001101
0001100100011110
0001011010010101
0001001111110101
0001000101000001
0000111001111100
0000101110101000
0000100011001001
0000010111100000
0000001011110001
0000000000000000
1111110100001111
1111101000100000
1111011100110111
1111010001011000
1111000110000100
1110111010111111
1110110000001011
1110100101101011
1110011011100010
1110010001110011
1110001000011111
1101111111101001
1101110111010100
1101101111100010
1101101000010100
1101100001101100
1101011011101100
1101010110010110
1101010001101011
1101001101101011
1101001010011001
1101000111110101
1101000101111111
1101000100111000
1101000100100000
1101000100111000
1101000101111111
1101000111110101
1101001010011001
1101001101101011
1101010001101011
1101010110010110
1101011011101100
1101100001101100
1101101000010100
1101101111100010
1101110111010100
1101111111101001
1110001000011111
1110010001110011
1110011011100010
1110100101101011
1110110000001011
1110111010111111
1111000110000100
1111010001011000
1111011100110111
1111101000100000
1111110100001111
0000000000000000
0000001011110001
0000010111100000
0000100011001001
0000101110101000
0000111001111100
0001000101000001
0001001111110101
0001011010010101
0001100100011110
0001101110001101
0001110111100001
0010000000010111
0010001000101100
0010010000011110
0010010111101100
0010011110010100
0010100100010100
0010101001101010
0010101110010101
0010110010010101
0010110101100111
0010111000001011
0010111010000001
0010111011001000
0010111011100000
0010111011001000
0010111010000001
0010111000001011
0010110101100111
0010110010010101
0010101110010101
0010101001101010
0010100100010100
0010011110010100
0010010111101100
0010010000011110
0010001000101100
0010000000010111
0001110111100001
0001101110001101
0001100100011110
0001011010010101
0001001111110101
0001000101000001
0000111001111100
0000101110101000
0000100011001001
0000010111100000
0000001011110001
0000000000000000
1111110100001111
1111101000100000
1111011100110111
1111010001011000
1111000110000100
1110111010111111
1110110000001011
1110100101101011
1110011011100010
1110010001110011
1110001000011111
1101111111101001
1101110111010100
1101101111100010
1101101000010100
1101100001101100
1101011011101100
1101010110010110
1101010001101011
1101001101101011
1101001010011001
1101000111110101
1101000101111111
1101000100111000
1101000100100000
1101000100111000
1101000101111111
1101000111110101
1101001010011001
1101001101101011
1101010001101011
1101010110010110
1101011011101100
1101100001101100
1101101000010100
1101101111100010
1101110111010100
1101111111101001
1110001000011111
1110010001110011
1110011011100010
1110100101101011
1110110000001011
1110111010111111
1111000110000100
1111010001011000
1111011100110111
1111101000100000
1111110100001111
0000000000000000
0000001011110001
0000010111100000
0000100011001001
0000101110101000
0000111001111100
0001000101000001
0001001111110101
0001011010010101
0001100100011110
0001101110001101
0001110111100001
0010000000010111
0010001000101100
0010010000011110
0010010111101100
0010011110010100
0010100100010100
0010101001101010
0010101110010101
0010110010010101
0010110101100111
0010111000001011
0010111010000001
0010111011001000
0010111011100000
0010111011001000
0010111010000001
0010111000001011
0010110101100111
0010110010010101
0010101110010101
0010101001101010
0010100100010100
0010011110010100
0010010111101100
0010010000011110
0010001000101100
0010000000010111
0001110111100001
0001101110001101
0001100100011110
0001011010010101
0001001111110101
0001000101000001
0000111001111100
0000101110101000
0000100011001001
0000010111100000
0000001011110001
0000000000000000
1111110100001111
1111101000100000
1111011100110111
1111010001011000
1111000110000100
1110111010111111
1110110000001011
1110100101101011
1110011011100010
1110010001110011
1110001000011111
1101111111101001
1101110111010100
1101101111100010
1101101000010100
1101100001101100
1101011011101100
1101010110010110
1101010001101011
1101001101101011
1101001010011001
1101000111110101
1101000101111111
1101000100111000
1101000100100000
1101000100111000
1101000101111111
1101000111110101
1101001010011001
1101001101101011
1101010001101011
1101010110010110
1101011011101100
1101100001101100
1101101000010100
1101101111100010
1101110111010100
1101111111101001
1110001000011111
1110010001110011
1110011011100010
1110100101101011
1110110000001011
1110111010111111
1111000110000100
1111010001011000
1111011100110111
1111101000100000
1111110100001111
0000000000000000
0000001011110001
0000010111100000
0000100011001001
0000101110101000
0000111001111100
0001000101000001
0001001111110101
0001011010010101
0001100100011110
0001101110001101
0001110111100001
0010000000010111
0010001000101100
0010010000011110
0010010111101100
0010011110010100
0010100100010100
0010101001101010
0010101110010101
0010110010010101
0010110101100111
0010111000001011
0010111010000001
0010111011001000
0010111011100000
0010111011001000
0010111010000001
0010111000001011
0010110101100111
0010110010010101
0010101110010101
0010101001101010
0010100100010100
0010011110010100
0010010111101100
0010010000011110
0010001000101100
0010000000010111
0001110111100001
0001101110001101
0001100100011110
0001011010010101
0001001111110101
0001000101000001
0000111001111100
0000101110101000
0000100011001001
0000010111100000
0000001011110001
0000000000000000
1111110100001111
1111101000100000
1111011100110111
1111010001011000
1111000110000100
1110111010111111
1110110000001011
1110100101101011
1110011011100010
1110010001110011
1110001000011111
1101111111101001
1101110111010100
1101101111100010
1101101000010100
1101100001101100
1101011011101100
1101010110010110
1101010001101011
1101001101101011
1101001010011001
1101000111110101
1101000101111111
1101000100111000
1101000100100000
1101000100111000
1101000101111111
1101000111110101
1101001010011001
1101001101101011
1101010001101011
1101010110010110
1101011011101100
1101100001101100
1101101000010100
1101101111100010
1101110111010100
1101111111101001
1110001000011111
1110010001110011
1110011011100010
1110100101101011
1110110000001011
1110111010111111
1111000110000100
1111010001011000
1111011100110111
1111101000100000
1111110100001111
0000000000000000
0000001011110001
0000010111100000
0000100011001001
0000101110101000
0000111001111100
0001000101000001
0001001111110101
0001011010010101
0001100100011110
0001101110001101
0001110111100001
0010000000010111
0010001000101100
0010010000011110
0010010111101100
0010011110010100
0010100100010100
0010101001101010
0010101110010101
0010110010010101
0010110101100111
0010111000001011
0010111010000001
0010111011001000
0010111011100000
0010111011001000
0010111010000001
0010111000001011
0010110101100111
0010110010010101
0010101110010101
0010101001101010
0010100100010100
0010011110010100
0010010111101100
0010010000011110
0010001000101100
0010000000010111
0001110111100001
0001101110001101
0001100100011110
0001011010010101
0001001111110101
0001000101000001
0000111001111100
0000101110101000
0000100011001001
0000010111100000
0000001011110001
0000000000000000
1111110100001111
1111101000100000
1111011100110111
1111010001011000
1111000110000100
1110111010111111
1110110000001011
1110100101101011
1110011011100010
1110010001110011
1110001000011111
1101111111101001
1101110111010100
1101101111100010
1101101000010100
1101100001101100
1101011011101100
1101010110010110
1101010001101011
1101001101101011
1101001010011001
1101000111110101
1101000101111111
1101000100111000
1101000100100000
1101000100111000
1101000101111111
1101000111110101
1101001010011001
1101001101101011
1101010001101011
1101010110010110
1101011011101100
1101100001101100
1101101000010100
1101101111100010
1101110111010100
1101111111101001
1110001000011111
1110010001110011
1110011011100010
1110100101101011
1110110000001011
1110111010111111
1111000110000100
1111010001011000
1111011100110111
1111101000100000
1111110100001111
0000000000000000
0000001011110001
0000010111100000
0000100011001001
0000101110101000
0000111001111100
0001000101000001
0001001111110101
0001011010010101
0001100100011110
0001101110001101
0001110111100001
0010000000010111
0010001000101100
0010010000011110
0010010111101100
0010011110010100
0010100100010100
0010101001101010
0010101110010101
0010110010010101
0010110101100111
0010111000001011
0010111010000001
0010111011001000
0010111011100000
0010111011001000
0010111010000001
0010111000001011
0010110101100111
0010110010010101
0010101110010101
0010101001101010
0010100100010100
0010011110010100
0010010111101100
0010010000011110
0010001000101100
0010000000010111
0001110111100001
0001101110001101
0001100100011110
0001011010010101
0001001111110101
0001000101000001
0000111001111100
0000101110101000
0000100011001001
0000010111100000
0000001011110001
0000000000000000
1111110100001111
1111101000100000
1111011100110111
1111010001011000
1111000110000100
1110111010111111
1110110000001011
1110100101101011
1110011011100010
1110010001110011
1110001000011111
1101111111101001
1101110111010100
1101101111100010
1101101000010100
1101100001101100
1101011011101100
1101010110010110
1101010001101011
1101001101101011
1101001010011001
1101000111110101
1101000101111111
1101000100111000
1101000100100000
1101000100111000
1101000101111111
1101000111110101
1101001010011001
1101001101101011
1101010001101011
1101010110010110
1101011011101100
1101100001101100
1101101000010100
1101101111100010
1101110111010100
1101111111101001
1110001000011111
1110010001110011
1110011011100010
1110100101101011
1110110000001011
1110111010111111
1111000110000100
1111010001011000
1111011100110111
1111101000100000
1111110100001111
